59.195350798973976,59.206697581874494,59.20291532090764,59.19913305994081,59.19913305994081,59.20291532090764,59.206697581874494,59.206697581874494,59.195350798973976,59.195350798973976,59.19913305994081,59.19913305994081,59.206697581874494,59.195350798973976,59.19913305994081,59.195350798973976,59.206697581874494,59.206697581874494,59.20291532090764,59.20291532090764,59.206697581874494,59.195350798973976,59.206697581874494,59.195350798973976,59.206697581874494,59.20291532090764,59.195350798973976,59.195350798973976,59.20291532090764,59.19913305994081,59.20291532090764,59.195350798973976,59.19913305994081,59.20291532090764,59.206697581874494,59.206697581874494,59.206697581874494,59.20291532090764,59.206697581874494,59.195350798973976,59.19913305994081,59.19913305994081,59.195350798973976,59.20291532090764,59.195350798973976,59.20291532090764,59.20291532090764,59.206697581874494,59.19913305994081,59.206697581874494,59.19913305994081,59.19913305994081,59.19913305994081,59.19913305994081,59.206697581874494,59.19913305994081,59.20291532090764,59.19913305994081,59.195350798973976,59.206697581874494,59.206697581874494,59.20291532090764,59.195350798973976,59.195350798973976,59.195350798973976,59.20291532090764,59.19913305994081,59.19913305994081,59.206697581874494,59.195350798973976,59.195350798973976,59.206697581874494,59.195350798973976,59.206697581874494,59.206697581874494,59.20291532090764,59.20291532090764,59.206697581874494,59.20291532090764,59.19913305994081,59.206697581874494,59.19913305994081,59.20291532090764,59.206697581874494,59.19913305994081,59.206697581874494,59.20291532090764,59.20291532090764,59.195350798973976,59.195350798973976,59.206697581874494,59.195350798973976,59.206697581874494,59.20291532090764,59.195350798973976,59.206697581874494,59.195350798973976,59.206697581874494,59.20291532090764,59.195350798973976,59.19913305994081,59.20291532090764,59.206697581874494,59.20291532090764,59.19913305994081,59.195350798973976,59.195350798973976,59.20291532090764,59.195350798973976,59.195350798973976,59.19913305994081,59.206697581874494,59.19913305994081,59.206697581874494,59.206697581874494,59.20291532090764,59.20291532090764,59.206697581874494,59.206697581874494,59.20291532090764,59.19913305994081,59.206697581874494,59.19913305994081,59.195350798973976,59.20291532090764,59.20291532090764,59.195350798973976,59.20291532090764,59.206697581874494,59.20291532090764,59.20291532090764,59.20291532090764,59.20291532090764,59.206697581874494,59.206697581874494,59.195350798973976,59.19913305994081,59.20291532090764,59.206697581874494,59.20291532090764,59.20291532090764,59.206697581874494,59.20291532090764,59.20291532090764,59.20291532090764,59.20291532090764,59.206697581874494,59.19913305994081,59.20291532090764,59.206697581874494,59.20291532090764,59.206697581874494,59.19913305994081,59.19913305994081,59.20291532090764,59.206697581874494,59.19913305994081,59.19913305994081,59.20291532090764,59.19913305994081,59.19913305994081,59.20291532090764,59.195350798973976,59.206697581874494,59.206697581874494,59.20291532090764,59.206697581874494,59.195350798973976,59.19913305994081,59.20291532090764,59.20291532090764,59.20291532090764,59.195350798973976,59.206697581874494,59.19913305994081,59.20291532090764,59.20291532090764,59.195350798973976,59.20291532090764,59.19913305994081,59.20291532090764,59.19913305994081,59.20291532090764,59.195350798973976,59.20291532090764,59.195350798973976,59.20291532090764,59.19913305994081,59.20291532090764,59.195350798973976,59.20291532090764,59.19913305994081,59.20291532090764,59.206697581874494,59.195350798973976,59.20291532090764,59.19913305994081,59.206697581874494,59.206697581874494,59.19913305994081
59.156152821681296,59.13345925588026,59.156152821681296,59.13345925588026,59.14102377781395,59.148588299747615,59.156152821681296,59.13345925588026,59.13345925588026,59.148588299747615,59.14102377781395,59.14102377781395,59.14102377781395,59.148588299747615,59.13345925588026,59.13345925588026,59.148588299747615,59.156152821681296,59.148588299747615,59.14102377781395,59.156152821681296,59.14102377781395,59.148588299747615,59.13345925588026,59.14102377781395,59.14102377781395,59.156152821681296,59.13345925588026,59.148588299747615,59.13345925588026,59.13345925588026,59.14102377781395,59.13345925588026,59.14102377781395,59.14102377781395,59.14102377781395,59.156152821681296,59.148588299747615,59.13345925588026,59.13345925588026,59.148588299747615,59.14102377781395,59.14102377781395,59.148588299747615,59.13345925588026,59.14102377781395,59.148588299747615,59.148588299747615,59.148588299747615,59.156152821681296,59.148588299747615,59.156152821681296,59.14102377781395,59.148588299747615,59.156152821681296,59.156152821681296,59.13345925588026,59.13345925588026,59.14102377781395,59.14102377781395,59.156152821681296,59.156152821681296,59.156152821681296,59.14102377781395,59.156152821681296,59.156152821681296,59.148588299747615,59.14102377781395,59.14102377781395,59.14102377781395,59.13345925588026,59.13345925588026,59.13345925588026,59.14102377781395,59.156152821681296,59.148588299747615,59.148588299747615,59.13345925588026,59.148588299747615,59.148588299747615,59.156152821681296,59.14102377781395,59.148588299747615,59.13345925588026,59.148588299747615,59.14102377781395,59.156152821681296,59.14102377781395,59.156152821681296,59.148588299747615,59.148588299747615,59.14102377781395,59.13345925588026,59.13345925588026,59.14102377781395,59.14102377781395,59.13345925588026,59.148588299747615,59.14102377781395,59.14102377781395,59.148588299747615,59.13345925588026,59.14102377781395,59.13345925588026,59.14102377781395,59.148588299747615,59.148588299747615,59.148588299747615,59.156152821681296,59.13345925588026,59.13345925588026,59.13345925588026,59.148588299747615,59.156152821681296,59.148588299747615,59.13345925588026,59.13345925588026,59.14102377781395,59.148588299747615,59.13345925588026,59.156152821681296,59.13345925588026,59.156152821681296,59.14102377781395,59.156152821681296,59.148588299747615,59.14102377781395,59.13345925588026,59.14102377781395,59.148588299747615,59.13345925588026,59.156152821681296,59.156152821681296,59.156152821681296,59.14102377781395,59.156152821681296,59.148588299747615,59.156152821681296,59.14102377781395,59.13345925588026,59.13345925588026,59.148588299747615,59.148588299747615,59.156152821681296,59.148588299747615,59.156152821681296,59.156152821681296,59.13345925588026,59.156152821681296,59.13345925588026,59.14102377781395,59.156152821681296,59.156152821681296,59.13345925588026,59.148588299747615,59.148588299747615,59.148588299747615,59.14102377781395,59.14102377781395,59.156152821681296,59.14102377781395,59.148588299747615,59.148588299747615,59.148588299747615,59.148588299747615,59.13345925588026,59.148588299747615,59.13345925588026,59.156152821681296,59.13345925588026,59.148588299747615,59.14102377781395,59.14102377781395,59.14102377781395,59.156152821681296,59.148588299747615,59.14102377781395,59.13345925588026,59.14102377781395,59.156152821681296,59.148588299747615,59.156152821681296,59.148588299747615,59.156152821681296,59.13345925588026,59.13345925588026,59.148588299747615,59.148588299747615,59.148588299747615,59.14102377781395,59.156152821681296,59.14102377781395,59.148588299747615,59.148588299747615,59.14102377781395,59.148588299747615,59.13345925588026,59.13345925588026,59.156152821681296,59.148588299747615
59.1056080614881,59.09426127858759,59.08291449568708,59.07156771278657,59.1056080614881,59.08291449568708,59.07156771278657,59.1056080614881,59.1056080614881,59.09426127858759,59.09426127858759,59.08291449568708,59.07156771278657,59.08291449568708,59.08291449568708,59.07156771278657,59.1056080614881,59.08291449568708,59.07156771278657,59.1056080614881,59.09426127858759,59.07156771278657,59.1056080614881,59.08291449568708,59.07156771278657,59.09426127858759,59.07156771278657,59.09426127858759,59.08291449568708,59.08291449568708,59.07156771278657,59.09426127858759,59.08291449568708,59.1056080614881,59.08291449568708,59.08291449568708,59.09426127858759,59.1056080614881,59.09426127858759,59.09426127858759,59.07156771278657,59.09426127858759,59.1056080614881,59.09426127858759,59.07156771278657,59.07156771278657,59.09426127858759,59.08291449568708,59.09426127858759,59.1056080614881,59.07156771278657,59.09426127858759,59.07156771278657,59.09426127858759,59.09426127858759,59.1056080614881,59.09426127858759,59.07156771278657,59.08291449568708,59.08291449568708,59.09426127858759,59.1056080614881,59.09426127858759,59.07156771278657,59.09426127858759,59.09426127858759,59.09426127858759,59.07156771278657,59.08291449568708,59.09426127858759,59.08291449568708,59.09426127858759,59.07156771278657,59.09426127858759,59.07156771278657,59.07156771278657,59.1056080614881,59.07156771278657,59.09426127858759,59.08291449568708,59.08291449568708,59.08291449568708,59.1056080614881,59.07156771278657,59.09426127858759,59.08291449568708,59.1056080614881,59.07156771278657,59.09426127858759,59.09426127858759,59.1056080614881,59.1056080614881,59.07156771278657,59.08291449568708,59.09426127858759,59.07156771278657,59.1056080614881,59.1056080614881,59.07156771278657,59.1056080614881,59.1056080614881,59.1056080614881,59.1056080614881,59.09426127858759,59.08291449568708,59.09426127858759,59.07156771278657,59.09426127858759,59.09426127858759,59.08291449568708,59.08291449568708,59.07156771278657,59.09426127858759,59.08291449568708,59.09426127858759,59.07156771278657,59.08291449568708,59.1056080614881,59.1056080614881,59.09426127858759,59.1056080614881,59.07156771278657,59.07156771278657,59.08291449568708,59.09426127858759,59.08291449568708,59.09426127858759,59.07156771278657,59.1056080614881,59.09426127858759,59.07156771278657,59.09426127858759,59.1056080614881,59.09426127858759,59.1056080614881,59.09426127858759,59.07156771278657,59.1056080614881,59.09426127858759,59.08291449568708,59.07156771278657,59.08291449568708,59.1056080614881,59.1056080614881,59.1056080614881,59.08291449568708,59.09426127858759,59.08291449568708,59.08291449568708,59.08291449568708,59.1056080614881,59.07156771278657,59.1056080614881,59.1056080614881,59.1056080614881,59.1056080614881,59.09426127858759,59.09426127858759,59.09426127858759,59.08291449568708,59.1056080614881,59.07156771278657,59.09426127858759,59.1056080614881,59.07156771278657,59.08291449568708,59.08291449568708,59.08291449568708,59.1056080614881,59.09426127858759,59.1056080614881,59.07156771278657,59.08291449568708,59.08291449568708,59.1056080614881,59.07156771278657,59.08291449568708,59.09426127858759,59.09426127858759,59.08291449568708,59.07156771278657,59.09426127858759,59.07156771278657,59.08291449568708,59.07156771278657,59.1056080614881,59.08291449568708,59.07156771278657,59.07156771278657,59.07156771278657,59.07156771278657,59.09426127858759,59.1056080614881,59.1056080614881,59.09426127858759,59.08291449568708,59.1056080614881,59.09426127858759,59.1056080614881,59.1056080614881
59.02480521356019,59.009676169692845,59.009676169692845,59.05506330129491,59.05506330129491,59.02480521356019,59.009676169692845,59.039934257427554,59.009676169692845,59.05506330129491,59.009676169692845,59.009676169692845,59.009676169692845,59.05506330129491,59.05506330129491,59.009676169692845,59.02480521356019,59.02480521356019,59.05506330129491,59.039934257427554,59.02480521356019,59.05506330129491,59.009676169692845,59.009676169692845,59.05506330129491,59.05506330129491,59.05506330129491,59.02480521356019,59.05506330129491,59.05506330129491,59.039934257427554,59.009676169692845,59.039934257427554,59.02480521356019,59.009676169692845,59.05506330129491,59.009676169692845,59.05506330129491,59.02480521356019,59.02480521356019,59.039934257427554,59.05506330129491,59.039934257427554,59.039934257427554,59.009676169692845,59.039934257427554,59.009676169692845,59.009676169692845,59.009676169692845,59.009676169692845,59.009676169692845,59.02480521356019,59.009676169692845,59.02480521356019,59.02480521356019,59.05506330129491,59.02480521356019,59.009676169692845,59.039934257427554,59.039934257427554,59.05506330129491,59.02480521356019,59.039934257427554,59.039934257427554,59.039934257427554,59.05506330129491,59.039934257427554,59.05506330129491,59.009676169692845,59.02480521356019,59.02480521356019,59.02480521356019,59.009676169692845,59.05506330129491,59.039934257427554,59.05506330129491,59.009676169692845,59.02480521356019,59.05506330129491,59.05506330129491,59.05506330129491,59.009676169692845,59.039934257427554,59.05506330129491,59.05506330129491,59.009676169692845,59.009676169692845,59.009676169692845,59.02480521356019,59.05506330129491,59.039934257427554,59.039934257427554,59.02480521356019,59.02480521356019,59.02480521356019,59.05506330129491,59.039934257427554,59.05506330129491,59.009676169692845,59.009676169692845,59.02480521356019,59.05506330129491,59.009676169692845,59.02480521356019,59.009676169692845,59.05506330129491,59.05506330129491,59.02480521356019,59.039934257427554,59.039934257427554,59.05506330129491,59.02480521356019,59.039934257427554,59.05506330129491,59.05506330129491,59.05506330129491,59.02480521356019,59.02480521356019,59.009676169692845,59.05506330129491,59.039934257427554,59.02480521356019,59.039934257427554,59.05506330129491,59.039934257427554,59.039934257427554,59.02480521356019,59.02480521356019,59.009676169692845,59.02480521356019,59.05506330129491,59.05506330129491,59.02480521356019,59.009676169692845,59.02480521356019,59.05506330129491,59.009676169692845,59.009676169692845,59.02480521356019,59.009676169692845,59.039934257427554,59.05506330129491,59.05506330129491,59.009676169692845,59.009676169692845,59.039934257427554,59.009676169692845,59.02480521356019,59.02480521356019,59.02480521356019,59.009676169692845,59.009676169692845,59.05506330129491,59.009676169692845,59.05506330129491,59.05506330129491,59.05506330129491,59.039934257427554,59.02480521356019,59.05506330129491,59.009676169692845,59.009676169692845,59.05506330129491,59.009676169692845,59.039934257427554,59.05506330129491,59.009676169692845,59.009676169692845,59.05506330129491,59.039934257427554,59.02480521356019,59.05506330129491,59.05506330129491,59.009676169692845,59.05506330129491,59.039934257427554,59.02480521356019,59.02480521356019,59.05506330129491,59.02480521356019,59.009676169692845,59.02480521356019,59.02480521356019,59.039934257427554,59.039934257427554,59.039934257427554,59.02480521356019,59.009676169692845,59.009676169692845,59.009676169692845,59.039934257427554,59.039934257427554,59.039934257427554,59.02480521356019,59.02480521356019,59.039934257427554,59.05506330129491,59.009676169692845,59.039934257427554,59.039934257427554
58.94778462659915,58.94778462659915,59.00451854110172,58.966695931433335,58.94778462659915,58.966695931433335,58.966695931433335,58.985607236267526,58.985607236267526,59.00451854110172,58.94778462659915,58.985607236267526,58.94778462659915,58.94778462659915,58.94778462659915,59.00451854110172,59.00451854110172,58.94778462659915,58.94778462659915,58.966695931433335,59.00451854110172,58.985607236267526,58.985607236267526,58.966695931433335,58.985607236267526,58.94778462659915,58.985607236267526,58.985607236267526,58.94778462659915,58.985607236267526,58.94778462659915,58.94778462659915,58.94778462659915,59.00451854110172,58.985607236267526,58.966695931433335,58.985607236267526,58.985607236267526,58.985607236267526,58.966695931433335,58.985607236267526,58.985607236267526,58.94778462659915,58.966695931433335,58.966695931433335,58.94778462659915,59.00451854110172,58.985607236267526,58.94778462659915,58.966695931433335,58.966695931433335,58.985607236267526,58.985607236267526,58.985607236267526,58.94778462659915,58.985607236267526,59.00451854110172,59.00451854110172,58.94778462659915,59.00451854110172,58.94778462659915,59.00451854110172,58.966695931433335,59.00451854110172,59.00451854110172,58.94778462659915,59.00451854110172,58.966695931433335,59.00451854110172,58.966695931433335,58.94778462659915,58.966695931433335,58.94778462659915,58.985607236267526,58.985607236267526,58.966695931433335,58.966695931433335,58.985607236267526,58.94778462659915,58.966695931433335,58.985607236267526,59.00451854110172,58.94778462659915,58.94778462659915,59.00451854110172,58.966695931433335,59.00451854110172,58.966695931433335,59.00451854110172,58.985607236267526,58.94778462659915,58.985607236267526,58.985607236267526,58.94778462659915,58.985607236267526,58.94778462659915,58.94778462659915,59.00451854110172,59.00451854110172,58.966695931433335,59.00451854110172,59.00451854110172,59.00451854110172,59.00451854110172,58.966695931433335,58.94778462659915,58.985607236267526,58.94778462659915,59.00451854110172,59.00451854110172,58.966695931433335,58.94778462659915,59.00451854110172,58.94778462659915,58.94778462659915,59.00451854110172,59.00451854110172,59.00451854110172,58.94778462659915,58.94778462659915,58.966695931433335,58.94778462659915,58.985607236267526,58.985607236267526,58.94778462659915,58.966695931433335,59.00451854110172,59.00451854110172,59.00451854110172,58.985607236267526,58.966695931433335,58.985607236267526,58.985607236267526,58.985607236267526,58.94778462659915,59.00451854110172,58.94778462659915,58.985607236267526,58.94778462659915,58.94778462659915,58.985607236267526,58.966695931433335,58.94778462659915,58.966695931433335,58.966695931433335,58.966695931433335,58.94778462659915,58.985607236267526,58.985607236267526,58.985607236267526,58.94778462659915,58.966695931433335,58.966695931433335,58.94778462659915,58.94778462659915,58.985607236267526,58.966695931433335,59.00451854110172,59.00451854110172,58.966695931433335,58.966695931433335,58.94778462659915,58.94778462659915,58.966695931433335,58.94778462659915,59.00451854110172,58.94778462659915,58.985607236267526,58.985607236267526,58.966695931433335,58.966695931433335,59.00451854110172,58.94778462659915,59.00451854110172,58.94778462659915,58.985607236267526,59.00451854110172,58.94778462659915,58.985607236267526,58.985607236267526,58.985607236267526,58.94778462659915,58.985607236267526,58.966695931433335,58.985607236267526,58.966695931433335,58.985607236267526,58.966695931433335,58.94778462659915,58.966695931433335,59.00451854110172,58.94778462659915,59.00451854110172,58.985607236267526,58.966695931433335,59.00451854110172,58.985607236267526,59.00451854110172,59.00451854110172,58.985607236267526
58.931280215107485,58.931280215107485,58.88589308350545,58.931280215107485,58.88589308350545,58.95397378090852,58.931280215107485,58.88589308350545,58.95397378090852,58.90858664930647,58.931280215107485,58.88589308350545,58.95397378090852,58.88589308350545,58.95397378090852,58.90858664930647,58.95397378090852,58.90858664930647,58.95397378090852,58.931280215107485,58.90858664930647,58.95397378090852,58.931280215107485,58.88589308350545,58.95397378090852,58.88589308350545,58.95397378090852,58.931280215107485,58.931280215107485,58.88589308350545,58.931280215107485,58.88589308350545,58.931280215107485,58.931280215107485,58.88589308350545,58.931280215107485,58.90858664930647,58.931280215107485,58.88589308350545,58.90858664930647,58.88589308350545,58.931280215107485,58.90858664930647,58.88589308350545,58.95397378090852,58.95397378090852,58.931280215107485,58.88589308350545,58.95397378090852,58.931280215107485,58.90858664930647,58.88589308350545,58.90858664930647,58.88589308350545,58.95397378090852,58.95397378090852,58.95397378090852,58.88589308350545,58.931280215107485,58.931280215107485,58.95397378090852,58.95397378090852,58.88589308350545,58.95397378090852,58.90858664930647,58.931280215107485,58.88589308350545,58.90858664930647,58.90858664930647,58.88589308350545,58.88589308350545,58.88589308350545,58.931280215107485,58.90858664930647,58.88589308350545,58.95397378090852,58.95397378090852,58.90858664930647,58.95397378090852,58.931280215107485,58.931280215107485,58.88589308350545,58.931280215107485,58.88589308350545,58.88589308350545,58.931280215107485,58.931280215107485,58.88589308350545,58.88589308350545,58.90858664930647,58.88589308350545,58.88589308350545,58.90858664930647,58.88589308350545,58.88589308350545,58.90858664930647,58.95397378090852,58.95397378090852,58.931280215107485,58.95397378090852,58.95397378090852,58.95397378090852,58.931280215107485,58.95397378090852,58.90858664930647,58.931280215107485,58.88589308350545,58.88589308350545,58.931280215107485,58.90858664930647,58.90858664930647,58.931280215107485,58.88589308350545,58.931280215107485,58.95397378090852,58.95397378090852,58.931280215107485,58.88589308350545,58.90858664930647,58.88589308350545,58.95397378090852,58.931280215107485,58.88589308350545,58.931280215107485,58.90858664930647,58.90858664930647,58.88589308350545,58.90858664930647,58.90858664930647,58.931280215107485,58.88589308350545,58.95397378090852,58.931280215107485,58.90858664930647,58.931280215107485,58.95397378090852,58.95397378090852,58.931280215107485,58.931280215107485,58.88589308350545,58.90858664930647,58.95397378090852,58.90858664930647,58.95397378090852,58.88589308350545,58.931280215107485,58.90858664930647,58.88589308350545,58.90858664930647,58.931280215107485,58.95397378090852,58.90858664930647,58.90858664930647,58.931280215107485,58.90858664930647,58.931280215107485,58.931280215107485,58.931280215107485,58.931280215107485,58.95397378090852,58.931280215107485,58.95397378090852,58.95397378090852,58.88589308350545,58.90858664930647,58.931280215107485,58.88589308350545,58.931280215107485,58.88589308350545,58.90858664930647,58.95397378090852,58.90858664930647,58.931280215107485,58.931280215107485,58.95397378090852,58.931280215107485,58.90858664930647,58.931280215107485,58.88589308350545,58.95397378090852,58.931280215107485,58.95397378090852,58.90858664930647,58.95397378090852,58.88589308350545,58.95397378090852,58.90858664930647,58.931280215107485,58.931280215107485,58.90858664930647,58.90858664930647,58.95397378090852,58.95397378090852,58.90858664930647,58.90858664930647,58.88589308350545,58.95397378090852,58.931280215107485,58.931280215107485,58.95397378090852
58.90342902071532,58.82400154041173,58.87695319394746,58.90342902071532,58.8504773671796,58.8504773671796,58.87695319394746,58.87695319394746,58.8504773671796,58.87695319394746,58.8504773671796,58.82400154041173,58.8504773671796,58.82400154041173,58.8504773671796,58.82400154041173,58.8504773671796,58.8504773671796,58.90342902071532,58.90342902071532,58.90342902071532,58.82400154041173,58.87695319394746,58.90342902071532,58.82400154041173,58.87695319394746,58.90342902071532,58.87695319394746,58.8504773671796,58.8504773671796,58.8504773671796,58.87695319394746,58.82400154041173,58.8504773671796,58.8504773671796,58.82400154041173,58.90342902071532,58.8504773671796,58.90342902071532,58.87695319394746,58.82400154041173,58.82400154041173,58.90342902071532,58.82400154041173,58.90342902071532,58.82400154041173,58.82400154041173,58.87695319394746,58.87695319394746,58.82400154041173,58.90342902071532,58.82400154041173,58.82400154041173,58.90342902071532,58.8504773671796,58.90342902071532,58.87695319394746,58.82400154041173,58.8504773671796,58.82400154041173,58.82400154041173,58.82400154041173,58.90342902071532,58.8504773671796,58.87695319394746,58.90342902071532,58.90342902071532,58.87695319394746,58.8504773671796,58.87695319394746,58.90342902071532,58.82400154041173,58.87695319394746,58.8504773671796,58.8504773671796,58.82400154041173,58.82400154041173,58.87695319394746,58.8504773671796,58.8504773671796,58.82400154041173,58.82400154041173,58.8504773671796,58.87695319394746,58.87695319394746,58.87695319394746,58.8504773671796,58.82400154041173,58.87695319394746,58.82400154041173,58.87695319394746,58.90342902071532,58.90342902071532,58.8504773671796,58.90342902071532,58.87695319394746,58.90342902071532,58.87695319394746,58.82400154041173,58.87695319394746,58.87695319394746,58.87695319394746,58.82400154041173,58.87695319394746,58.82400154041173,58.87695319394746,58.87695319394746,58.87695319394746,58.87695319394746,58.82400154041173,58.8504773671796,58.8504773671796,58.90342902071532,58.90342902071532,58.82400154041173,58.90342902071532,58.8504773671796,58.8504773671796,58.90342902071532,58.90342902071532,58.90342902071532,58.87695319394746,58.8504773671796,58.90342902071532,58.90342902071532,58.82400154041173,58.8504773671796,58.82400154041173,58.8504773671796,58.90342902071532,58.8504773671796,58.90342902071532,58.90342902071532,58.82400154041173,58.8504773671796,58.87695319394746,58.90342902071532,58.8504773671796,58.8504773671796,58.82400154041173,58.87695319394746,58.82400154041173,58.82400154041173,58.90342902071532,58.82400154041173,58.8504773671796,58.82400154041173,58.82400154041173,58.87695319394746,58.87695319394746,58.90342902071532,58.87695319394746,58.87695319394746,58.82400154041173,58.8504773671796,58.87695319394746,58.90342902071532,58.8504773671796,58.90342902071532,58.82400154041173,58.82400154041173,58.82400154041173,58.87695319394746,58.90342902071532,58.90342902071532,58.90342902071532,58.87695319394746,58.87695319394746,58.82400154041173,58.87695319394746,58.87695319394746,58.8504773671796,58.87695319394746,58.82400154041173,58.8504773671796,58.87695319394746,58.87695319394746,58.87695319394746,58.87695319394746,58.90342902071532,58.90342902071532,58.87695319394746,58.90342902071532,58.87695319394746,58.90342902071532,58.90342902071532,58.87695319394746,58.8504773671796,58.87695319394746,58.90342902071532,58.82400154041173,58.90342902071532,58.87695319394746,58.8504773671796,58.8504773671796,58.82400154041173,58.87695319394746,58.82400154041173,58.8504773671796,58.90342902071532
58.85288426052212,58.792368085052736,58.762109997318035,58.82262617278743,58.82262617278743,58.792368085052736,58.82262617278743,58.85288426052212,58.82262617278743,58.792368085052736,58.762109997318035,58.82262617278743,58.792368085052736,58.85288426052212,58.762109997318035,58.762109997318035,58.85288426052212,58.85288426052212,58.762109997318035,58.82262617278743,58.762109997318035,58.792368085052736,58.792368085052736,58.792368085052736,58.85288426052212,58.762109997318035,58.792368085052736,58.792368085052736,58.762109997318035,58.82262617278743,58.82262617278743,58.762109997318035,58.762109997318035,58.85288426052212,58.792368085052736,58.762109997318035,58.85288426052212,58.762109997318035,58.82262617278743,58.82262617278743,58.85288426052212,58.82262617278743,58.762109997318035,58.82262617278743,58.792368085052736,58.82262617278743,58.762109997318035,58.82262617278743,58.762109997318035,58.762109997318035,58.82262617278743,58.85288426052212,58.85288426052212,58.85288426052212,58.792368085052736,58.792368085052736,58.85288426052212,58.82262617278743,58.792368085052736,58.762109997318035,58.762109997318035,58.82262617278743,58.85288426052212,58.82262617278743,58.792368085052736,58.762109997318035,58.82262617278743,58.85288426052212,58.82262617278743,58.85288426052212,58.82262617278743,58.762109997318035,58.85288426052212,58.82262617278743,58.82262617278743,58.762109997318035,58.82262617278743,58.82262617278743,58.792368085052736,58.762109997318035,58.762109997318035,58.82262617278743,58.762109997318035,58.82262617278743,58.85288426052212,58.85288426052212,58.792368085052736,58.85288426052212,58.82262617278743,58.85288426052212,58.85288426052212,58.82262617278743,58.82262617278743,58.85288426052212,58.82262617278743,58.792368085052736,58.82262617278743,58.85288426052212,58.82262617278743,58.792368085052736,58.82262617278743,58.82262617278743,58.82262617278743,58.82262617278743,58.82262617278743,58.762109997318035,58.792368085052736,58.85288426052212,58.82262617278743,58.792368085052736,58.85288426052212,58.82262617278743,58.792368085052736,58.82262617278743,58.762109997318035,58.82262617278743,58.792368085052736,58.762109997318035,58.792368085052736,58.762109997318035,58.762109997318035,58.85288426052212,58.85288426052212,58.85288426052212,58.82262617278743,58.792368085052736,58.792368085052736,58.762109997318035,58.762109997318035,58.82262617278743,58.762109997318035,58.762109997318035,58.85288426052212,58.82262617278743,58.85288426052212,58.762109997318035,58.762109997318035,58.82262617278743,58.792368085052736,58.762109997318035,58.82262617278743,58.762109997318035,58.762109997318035,58.792368085052736,58.85288426052212,58.792368085052736,58.792368085052736,58.792368085052736,58.762109997318035,58.82262617278743,58.792368085052736,58.82262617278743,58.792368085052736,58.792368085052736,58.85288426052212,58.85288426052212,58.792368085052736,58.85288426052212,58.85288426052212,58.82262617278743,58.85288426052212,58.762109997318035,58.762109997318035,58.792368085052736,58.82262617278743,58.85288426052212,58.792368085052736,58.82262617278743,58.792368085052736,58.792368085052736,58.85288426052212,58.85288426052212,58.85288426052212,58.82262617278743,58.762109997318035,58.82262617278743,58.792368085052736,58.82262617278743,58.762109997318035,58.792368085052736,58.762109997318035,58.762109997318035,58.762109997318035,58.85288426052212,58.792368085052736,58.762109997318035,58.792368085052736,58.82262617278743,58.762109997318035,58.85288426052212,58.82262617278743,58.85288426052212,58.85288426052212,58.85288426052212,58.792368085052736,58.85288426052212,58.792368085052736,58.85288426052212,58.762109997318035,58.85288426052212
58.734258802925865,58.80233950032894,58.70021845422432,58.7682991516274,58.734258802925865,58.7682991516274,58.734258802925865,58.734258802925865,58.7682991516274,58.70021845422432,58.70021845422432,58.70021845422432,58.70021845422432,58.80233950032894,58.7682991516274,58.7682991516274,58.80233950032894,58.70021845422432,58.734258802925865,58.7682991516274,58.734258802925865,58.80233950032894,58.7682991516274,58.70021845422432,58.734258802925865,58.70021845422432,58.7682991516274,58.70021845422432,58.734258802925865,58.734258802925865,58.7682991516274,58.7682991516274,58.80233950032894,58.7682991516274,58.70021845422432,58.80233950032894,58.734258802925865,58.7682991516274,58.70021845422432,58.80233950032894,58.734258802925865,58.80233950032894,58.734258802925865,58.70021845422432,58.80233950032894,58.734258802925865,58.734258802925865,58.70021845422432,58.734258802925865,58.734258802925865,58.70021845422432,58.80233950032894,58.80233950032894,58.734258802925865,58.7682991516274,58.80233950032894,58.7682991516274,58.7682991516274,58.734258802925865,58.734258802925865,58.734258802925865,58.80233950032894,58.70021845422432,58.7682991516274,58.70021845422432,58.734258802925865,58.7682991516274,58.80233950032894,58.734258802925865,58.734258802925865,58.70021845422432,58.7682991516274,58.7682991516274,58.80233950032894,58.80233950032894,58.80233950032894,58.734258802925865,58.734258802925865,58.734258802925865,58.80233950032894,58.80233950032894,58.734258802925865,58.70021845422432,58.734258802925865,58.70021845422432,58.734258802925865,58.70021845422432,58.70021845422432,58.80233950032894,58.80233950032894,58.734258802925865,58.70021845422432,58.7682991516274,58.80233950032894,58.7682991516274,58.7682991516274,58.734258802925865,58.7682991516274,58.734258802925865,58.7682991516274,58.7682991516274,58.70021845422432,58.7682991516274,58.80233950032894,58.80233950032894,58.734258802925865,58.734258802925865,58.70021845422432,58.7682991516274,58.70021845422432,58.80233950032894,58.734258802925865,58.7682991516274,58.734258802925865,58.7682991516274,58.7682991516274,58.734258802925865,58.80233950032894,58.734258802925865,58.80233950032894,58.7682991516274,58.734258802925865,58.80233950032894,58.80233950032894,58.734258802925865,58.70021845422432,58.80233950032894,58.734258802925865,58.80233950032894,58.80233950032894,58.7682991516274,58.7682991516274,58.734258802925865,58.70021845422432,58.734258802925865,58.80233950032894,58.70021845422432,58.70021845422432,58.80233950032894,58.70021845422432,58.80233950032894,58.734258802925865,58.734258802925865,58.80233950032894,58.70021845422432,58.7682991516274,58.70021845422432,58.70021845422432,58.7682991516274,58.7682991516274,58.734258802925865,58.80233950032894,58.80233950032894,58.734258802925865,58.70021845422432,58.734258802925865,58.7682991516274,58.734258802925865,58.80233950032894,58.734258802925865,58.734258802925865,58.80233950032894,58.70021845422432,58.70021845422432,58.734258802925865,58.7682991516274,58.70021845422432,58.70021845422432,58.7682991516274,58.80233950032894,58.80233950032894,58.734258802925865,58.80233950032894,58.70021845422432,58.70021845422432,58.734258802925865,58.80233950032894,58.70021845422432,58.80233950032894,58.80233950032894,58.7682991516274,58.80233950032894,58.7682991516274,58.7682991516274,58.7682991516274,58.70021845422432,58.80233950032894,58.70021845422432,58.70021845422432,58.70021845422432,58.734258802925865,58.70021845422432,58.734258802925865,58.80233950032894,58.70021845422432,58.70021845422432,58.734258802925865,58.734258802925865,58.70021845422432,58.80233950032894
58.75179474013574,58.676149520798994,58.75179474013574,58.713972130467376,58.676149520798994,58.713972130467376,58.713972130467376,58.75179474013574,58.63832691113062,58.75179474013574,58.75179474013574,58.63832691113062,58.75179474013574,58.75179474013574,58.63832691113062,58.676149520798994,58.63832691113062,58.676149520798994,58.63832691113062,58.676149520798994,58.676149520798994,58.63832691113062,58.676149520798994,58.676149520798994,58.63832691113062,58.75179474013574,58.676149520798994,58.713972130467376,58.713972130467376,58.63832691113062,58.713972130467376,58.75179474013574,58.75179474013574,58.713972130467376,58.75179474013574,58.676149520798994,58.75179474013574,58.75179474013574,58.676149520798994,58.676149520798994,58.713972130467376,58.75179474013574,58.63832691113062,58.713972130467376,58.63832691113062,58.75179474013574,58.75179474013574,58.75179474013574,58.63832691113062,58.713972130467376,58.75179474013574,58.75179474013574,58.75179474013574,58.63832691113062,58.75179474013574,58.63832691113062,58.713972130467376,58.713972130467376,58.75179474013574,58.63832691113062,58.75179474013574,58.676149520798994,58.75179474013574,58.75179474013574,58.75179474013574,58.676149520798994,58.713972130467376,58.63832691113062,58.713972130467376,58.676149520798994,58.676149520798994,58.75179474013574,58.676149520798994,58.713972130467376,58.63832691113062,58.676149520798994,58.63832691113062,58.676149520798994,58.75179474013574,58.63832691113062,58.713972130467376,58.63832691113062,58.75179474013574,58.713972130467376,58.75179474013574,58.713972130467376,58.63832691113062,58.75179474013574,58.676149520798994,58.676149520798994,58.63832691113062,58.676149520798994,58.676149520798994,58.676149520798994,58.713972130467376,58.713972130467376,58.713972130467376,58.63832691113062,58.713972130467376,58.63832691113062,58.63832691113062,58.713972130467376,58.75179474013574,58.63832691113062,58.75179474013574,58.713972130467376,58.63832691113062,58.75179474013574,58.713972130467376,58.75179474013574,58.676149520798994,58.676149520798994,58.75179474013574,58.676149520798994,58.676149520798994,58.713972130467376,58.676149520798994,58.63832691113062,58.713972130467376,58.63832691113062,58.75179474013574,58.676149520798994,58.713972130467376,58.63832691113062,58.676149520798994,58.63832691113062,58.75179474013574,58.713972130467376,58.676149520798994,58.63832691113062,58.75179474013574,58.75179474013574,58.676149520798994,58.63832691113062,58.676149520798994,58.75179474013574,58.676149520798994,58.676149520798994,58.63832691113062,58.676149520798994,58.713972130467376,58.63832691113062,58.75179474013574,58.676149520798994,58.75179474013574,58.63832691113062,58.713972130467376,58.676149520798994,58.63832691113062,58.75179474013574,58.676149520798994,58.75179474013574,58.676149520798994,58.63832691113062,58.75179474013574,58.63832691113062,58.676149520798994,58.75179474013574,58.63832691113062,58.63832691113062,58.75179474013574,58.75179474013574,58.713972130467376,58.63832691113062,58.713972130467376,58.63832691113062,58.75179474013574,58.713972130467376,58.75179474013574,58.75179474013574,58.676149520798994,58.676149520798994,58.63832691113062,58.676149520798994,58.63832691113062,58.63832691113062,58.75179474013574,58.676149520798994,58.713972130467376,58.676149520798994,58.713972130467376,58.75179474013574,58.713972130467376,58.75179474013574,58.713972130467376,58.75179474013574,58.676149520798994,58.713972130467376,58.713972130467376,58.713972130467376,58.713972130467376,58.676149520798994,58.75179474013574,58.75179474013574,58.676149520798994,58.63832691113062,58.676149520798994,58.63832691113062,58.75179474013574,58.676149520798994
58.61804023867212,58.65964510930735,58.61804023867212,58.57643536803692,58.701249979942546,58.65964510930735,58.57643536803692,58.61804023867212,58.65964510930735,58.61804023867212,58.61804023867212,58.57643536803692,58.57643536803692,58.57643536803692,58.61804023867212,58.701249979942546,58.65964510930735,58.701249979942546,58.61804023867212,58.701249979942546,58.701249979942546,58.57643536803692,58.701249979942546,58.61804023867212,58.57643536803692,58.701249979942546,58.61804023867212,58.57643536803692,58.65964510930735,58.65964510930735,58.701249979942546,58.65964510930735,58.701249979942546,58.65964510930735,58.65964510930735,58.61804023867212,58.57643536803692,58.57643536803692,58.65964510930735,58.701249979942546,58.57643536803692,58.701249979942546,58.57643536803692,58.61804023867212,58.61804023867212,58.701249979942546,58.65964510930735,58.57643536803692,58.57643536803692,58.57643536803692,58.65964510930735,58.61804023867212,58.65964510930735,58.61804023867212,58.61804023867212,58.65964510930735,58.701249979942546,58.65964510930735,58.701249979942546,58.57643536803692,58.57643536803692,58.57643536803692,58.701249979942546,58.701249979942546,58.701249979942546,58.61804023867212,58.57643536803692,58.57643536803692,58.701249979942546,58.65964510930735,58.57643536803692,58.701249979942546,58.61804023867212,58.701249979942546,58.701249979942546,58.61804023867212,58.701249979942546,58.61804023867212,58.701249979942546,58.701249979942546,58.701249979942546,58.65964510930735,58.61804023867212,58.701249979942546,58.65964510930735,58.57643536803692,58.65964510930735,58.65964510930735,58.701249979942546,58.65964510930735,58.57643536803692,58.57643536803692,58.701249979942546,58.65964510930735,58.61804023867212,58.65964510930735,58.65964510930735,58.57643536803692,58.701249979942546,58.57643536803692,58.701249979942546,58.61804023867212,58.65964510930735,58.61804023867212,58.701249979942546,58.701249979942546,58.57643536803692,58.57643536803692,58.61804023867212,58.61804023867212,58.57643536803692,58.65964510930735,58.701249979942546,58.61804023867212,58.65964510930735,58.57643536803692,58.57643536803692,58.701249979942546,58.57643536803692,58.61804023867212,58.701249979942546,58.65964510930735,58.65964510930735,58.57643536803692,58.701249979942546,58.57643536803692,58.701249979942546,58.701249979942546,58.57643536803692,58.57643536803692,58.701249979942546,58.65964510930735,58.57643536803692,58.57643536803692,58.61804023867212,58.57643536803692,58.61804023867212,58.65964510930735,58.65964510930735,58.57643536803692,58.65964510930735,58.701249979942546,58.701249979942546,58.701249979942546,58.701249979942546,58.701249979942546,58.701249979942546,58.701249979942546,58.701249979942546,58.61804023867212,58.61804023867212,58.61804023867212,58.65964510930735,58.65964510930735,58.65964510930735,58.701249979942546,58.65964510930735,58.61804023867212,58.701249979942546,58.701249979942546,58.61804023867212,58.701249979942546,58.65964510930735,58.57643536803692,58.61804023867212,58.57643536803692,58.65964510930735,58.65964510930735,58.57643536803692,58.57643536803692,58.701249979942546,58.701249979942546,58.65964510930735,58.61804023867212,58.57643536803692,58.701249979942546,58.57643536803692,58.61804023867212,58.57643536803692,58.65964510930735,58.61804023867212,58.57643536803692,58.65964510930735,58.57643536803692,58.65964510930735,58.61804023867212,58.57643536803692,58.57643536803692,58.57643536803692,58.65964510930735,58.701249979942546,58.57643536803692,58.57643536803692,58.65964510930735,58.701249979942546,58.57643536803692,58.65964510930735,58.61804023867212,58.701249979942546,58.65964510930735
58.60531808814731,58.55993095654526,58.650705219749355,58.514543824943196,58.60531808814731,58.60531808814731,58.514543824943196,58.650705219749355,58.60531808814731,58.60531808814731,58.60531808814731,58.514543824943196,58.514543824943196,58.514543824943196,58.514543824943196,58.55993095654526,58.514543824943196,58.60531808814731,58.514543824943196,58.650705219749355,58.514543824943196,58.55993095654526,58.650705219749355,58.60531808814731,58.650705219749355,58.650705219749355,58.60531808814731,58.514543824943196,58.514543824943196,58.55993095654526,58.650705219749355,58.514543824943196,58.650705219749355,58.60531808814731,58.55993095654526,58.650705219749355,58.60531808814731,58.55993095654526,58.514543824943196,58.650705219749355,58.60531808814731,58.650705219749355,58.60531808814731,58.650705219749355,58.55993095654526,58.650705219749355,58.650705219749355,58.60531808814731,58.60531808814731,58.60531808814731,58.60531808814731,58.650705219749355,58.60531808814731,58.650705219749355,58.650705219749355,58.650705219749355,58.55993095654526,58.55993095654526,58.650705219749355,58.55993095654526,58.514543824943196,58.60531808814731,58.60531808814731,58.55993095654526,58.60531808814731,58.55993095654526,58.514543824943196,58.60531808814731,58.650705219749355,58.650705219749355,58.514543824943196,58.55993095654526,58.55993095654526,58.514543824943196,58.514543824943196,58.60531808814731,58.55993095654526,58.514543824943196,58.60531808814731,58.514543824943196,58.60531808814731,58.60531808814731,58.60531808814731,58.514543824943196,58.650705219749355,58.55993095654526,58.55993095654526,58.55993095654526,58.650705219749355,58.650705219749355,58.55993095654526,58.514543824943196,58.650705219749355,58.514543824943196,58.650705219749355,58.650705219749355,58.60531808814731,58.514543824943196,58.650705219749355,58.514543824943196,58.514543824943196,58.514543824943196,58.514543824943196,58.650705219749355,58.514543824943196,58.60531808814731,58.514543824943196,58.650705219749355,58.650705219749355,58.60531808814731,58.650705219749355,58.514543824943196,58.514543824943196,58.650705219749355,58.650705219749355,58.60531808814731,58.650705219749355,58.55993095654526,58.650705219749355,58.514543824943196,58.514543824943196,58.514543824943196,58.650705219749355,58.60531808814731,58.514543824943196,58.650705219749355,58.55993095654526,58.650705219749355,58.55993095654526,58.60531808814731,58.55993095654526,58.650705219749355,58.514543824943196,58.60531808814731,58.514543824943196,58.60531808814731,58.650705219749355,58.650705219749355,58.514543824943196,58.60531808814731,58.650705219749355,58.514543824943196,58.514543824943196,58.514543824943196,58.514543824943196,58.55993095654526,58.650705219749355,58.650705219749355,58.650705219749355,58.514543824943196,58.55993095654526,58.650705219749355,58.514543824943196,58.60531808814731,58.60531808814731,58.55993095654526,58.60531808814731,58.514543824943196,58.650705219749355,58.650705219749355,58.650705219749355,58.55993095654526,58.514543824943196,58.60531808814731,58.60531808814731,58.60531808814731,58.514543824943196,58.650705219749355,58.60531808814731,58.60531808814731,58.650705219749355,58.514543824943196,58.55993095654526,58.650705219749355,58.650705219749355,58.60531808814731,58.55993095654526,58.55993095654526,58.650705219749355,58.650705219749355,58.60531808814731,58.55993095654526,58.55993095654526,58.650705219749355,58.514543824943196,58.650705219749355,58.514543824943196,58.514543824943196,58.55993095654526,58.55993095654526,58.60531808814731,58.55993095654526,58.55993095654526,58.650705219749355,58.514543824943196,58.514543824943196,58.514543824943196,58.55993095654526,58.514543824943196,58.650705219749355
58.4526522818495,58.55099106698728,58.60016045955617,58.60016045955617,58.4526522818495,58.4526522818495,58.50182167441839,58.60016045955617,58.4526522818495,58.60016045955617,58.55099106698728,58.60016045955617,58.50182167441839,58.55099106698728,58.4526522818495,58.50182167441839,58.50182167441839,58.55099106698728,58.60016045955617,58.50182167441839,58.50182167441839,58.50182167441839,58.55099106698728,58.4526522818495,58.4526522818495,58.60016045955617,58.60016045955617,58.60016045955617,58.4526522818495,58.55099106698728,58.4526522818495,58.50182167441839,58.60016045955617,58.55099106698728,58.4526522818495,58.50182167441839,58.55099106698728,58.50182167441839,58.50182167441839,58.4526522818495,58.4526522818495,58.55099106698728,58.60016045955617,58.50182167441839,58.50182167441839,58.4526522818495,58.4526522818495,58.60016045955617,58.4526522818495,58.55099106698728,58.4526522818495,58.55099106698728,58.60016045955617,58.4526522818495,58.60016045955617,58.60016045955617,58.55099106698728,58.55099106698728,58.60016045955617,58.55099106698728,58.55099106698728,58.4526522818495,58.50182167441839,58.55099106698728,58.50182167441839,58.55099106698728,58.50182167441839,58.50182167441839,58.4526522818495,58.55099106698728,58.4526522818495,58.60016045955617,58.4526522818495,58.50182167441839,58.55099106698728,58.50182167441839,58.50182167441839,58.55099106698728,58.50182167441839,58.60016045955617,58.50182167441839,58.50182167441839,58.60016045955617,58.55099106698728,58.50182167441839,58.60016045955617,58.55099106698728,58.60016045955617,58.4526522818495,58.55099106698728,58.60016045955617,58.50182167441839,58.55099106698728,58.4526522818495,58.55099106698728,58.55099106698728,58.60016045955617,58.50182167441839,58.60016045955617,58.55099106698728,58.4526522818495,58.55099106698728,58.55099106698728,58.4526522818495,58.50182167441839,58.50182167441839,58.4526522818495,58.4526522818495,58.4526522818495,58.55099106698728,58.4526522818495,58.55099106698728,58.55099106698728,58.60016045955617,58.55099106698728,58.55099106698728,58.4526522818495,58.55099106698728,58.55099106698728,58.60016045955617,58.50182167441839,58.4526522818495,58.55099106698728,58.55099106698728,58.50182167441839,58.50182167441839,58.55099106698728,58.50182167441839,58.55099106698728,58.55099106698728,58.60016045955617,58.50182167441839,58.4526522818495,58.4526522818495,58.60016045955617,58.4526522818495,58.55099106698728,58.60016045955617,58.50182167441839,58.60016045955617,58.50182167441839,58.4526522818495,58.55099106698728,58.55099106698728,58.50182167441839,58.4526522818495,58.50182167441839,58.50182167441839,58.50182167441839,58.50182167441839,58.50182167441839,58.4526522818495,58.60016045955617,58.60016045955617,58.60016045955617,58.60016045955617,58.55099106698728,58.60016045955617,58.4526522818495,58.4526522818495,58.4526522818495,58.4526522818495,58.50182167441839,58.50182167441839,58.55099106698728,58.50182167441839,58.55099106698728,58.60016045955617,58.55099106698728,58.55099106698728,58.55099106698728,58.50182167441839,58.60016045955617,58.4526522818495,58.55099106698728,58.55099106698728,58.60016045955617,58.4526522818495,58.4526522818495,58.50182167441839,58.4526522818495,58.50182167441839,58.60016045955617,58.4526522818495,58.55099106698728,58.4526522818495,58.4526522818495,58.55099106698728,58.4526522818495,58.4526522818495,58.4526522818495,58.60016045955617,58.4526522818495,58.50182167441839,58.50182167441839,58.4526522818495,58.4526522818495,58.55099106698728,58.4526522818495,58.60016045955617
58.39076073875579,58.49666404582724,58.44371239229152,58.44371239229152,58.54961569936298,58.54961569936298,58.39076073875579,58.49666404582724,58.49666404582724,58.44371239229152,58.49666404582724,58.49666404582724,58.49666404582724,58.54961569936298,58.49666404582724,58.39076073875579,58.54961569936298,58.49666404582724,58.54961569936298,58.39076073875579,58.44371239229152,58.39076073875579,58.39076073875579,58.39076073875579,58.39076073875579,58.44371239229152,58.49666404582724,58.49666404582724,58.49666404582724,58.39076073875579,58.44371239229152,58.44371239229152,58.39076073875579,58.54961569936298,58.44371239229152,58.49666404582724,58.49666404582724,58.44371239229152,58.49666404582724,58.39076073875579,58.44371239229152,58.54961569936298,58.54961569936298,58.49666404582724,58.54961569936298,58.49666404582724,58.39076073875579,58.44371239229152,58.54961569936298,58.44371239229152,58.49666404582724,58.44371239229152,58.39076073875579,58.49666404582724,58.49666404582724,58.39076073875579,58.54961569936298,58.44371239229152,58.39076073875579,58.49666404582724,58.39076073875579,58.39076073875579,58.54961569936298,58.39076073875579,58.49666404582724,58.39076073875579,58.49666404582724,58.44371239229152,58.54961569936298,58.49666404582724,58.49666404582724,58.39076073875579,58.39076073875579,58.44371239229152,58.49666404582724,58.49666404582724,58.39076073875579,58.39076073875579,58.54961569936298,58.44371239229152,58.49666404582724,58.39076073875579,58.49666404582724,58.44371239229152,58.39076073875579,58.49666404582724,58.44371239229152,58.54961569936298,58.44371239229152,58.44371239229152,58.49666404582724,58.44371239229152,58.49666404582724,58.49666404582724,58.49666404582724,58.39076073875579,58.54961569936298,58.49666404582724,58.44371239229152,58.44371239229152,58.44371239229152,58.39076073875579,58.49666404582724,58.54961569936298,58.44371239229152,58.49666404582724,58.39076073875579,58.39076073875579,58.54961569936298,58.39076073875579,58.44371239229152,58.54961569936298,58.44371239229152,58.49666404582724,58.39076073875579,58.54961569936298,58.49666404582724,58.54961569936298,58.39076073875579,58.39076073875579,58.54961569936298,58.44371239229152,58.54961569936298,58.39076073875579,58.49666404582724,58.39076073875579,58.49666404582724,58.49666404582724,58.44371239229152,58.44371239229152,58.49666404582724,58.39076073875579,58.54961569936298,58.39076073875579,58.49666404582724,58.44371239229152,58.39076073875579,58.54961569936298,58.44371239229152,58.44371239229152,58.39076073875579,58.54961569936298,58.39076073875579,58.54961569936298,58.54961569936298,58.54961569936298,58.49666404582724,58.39076073875579,58.44371239229152,58.49666404582724,58.44371239229152,58.44371239229152,58.39076073875579,58.49666404582724,58.49666404582724,58.49666404582724,58.54961569936298,58.54961569936298,58.54961569936298,58.49666404582724,58.44371239229152,58.49666404582724,58.39076073875579,58.54961569936298,58.44371239229152,58.54961569936298,58.44371239229152,58.44371239229152,58.54961569936298,58.39076073875579,58.39076073875579,58.39076073875579,58.54961569936298,58.39076073875579,58.49666404582724,58.49666404582724,58.44371239229152,58.54961569936298,58.54961569936298,58.39076073875579,58.44371239229152,58.54961569936298,58.54961569936298,58.39076073875579,58.54961569936298,58.44371239229152,58.39076073875579,58.49666404582724,58.44371239229152,58.49666404582724,58.39076073875579,58.54961569936298,58.49666404582724,58.44371239229152,58.39076073875579,58.44371239229152,58.54961569936298,58.44371239229152,58.44371239229152,58.39076073875579
58.38560311016465,58.44233702466721,58.38560311016465,58.49907093916978,58.328869195662094,58.44233702466721,58.328869195662094,58.328869195662094,58.328869195662094,58.49907093916978,58.38560311016465,58.38560311016465,58.328869195662094,58.328869195662094,58.49907093916978,58.38560311016465,58.328869195662094,58.38560311016465,58.38560311016465,58.38560311016465,58.328869195662094,58.44233702466721,58.328869195662094,58.38560311016465,58.49907093916978,58.49907093916978,58.49907093916978,58.328869195662094,58.49907093916978,58.44233702466721,58.44233702466721,58.44233702466721,58.44233702466721,58.49907093916978,58.44233702466721,58.44233702466721,58.49907093916978,58.38560311016465,58.49907093916978,58.328869195662094,58.49907093916978,58.38560311016465,58.44233702466721,58.49907093916978,58.328869195662094,58.328869195662094,58.328869195662094,58.44233702466721,58.38560311016465,58.44233702466721,58.38560311016465,58.44233702466721,58.328869195662094,58.44233702466721,58.328869195662094,58.49907093916978,58.44233702466721,58.49907093916978,58.44233702466721,58.38560311016465,58.44233702466721,58.328869195662094,58.38560311016465,58.49907093916978,58.38560311016465,58.38560311016465,58.49907093916978,58.44233702466721,58.44233702466721,58.328869195662094,58.328869195662094,58.44233702466721,58.328869195662094,58.38560311016465,58.44233702466721,58.49907093916978,58.38560311016465,58.328869195662094,58.328869195662094,58.328869195662094,58.328869195662094,58.44233702466721,58.49907093916978,58.44233702466721,58.44233702466721,58.328869195662094,58.44233702466721,58.44233702466721,58.49907093916978,58.44233702466721,58.38560311016465,58.328869195662094,58.49907093916978,58.38560311016465,58.49907093916978,58.49907093916978,58.49907093916978,58.44233702466721,58.44233702466721,58.44233702466721,58.328869195662094,58.44233702466721,58.44233702466721,58.328869195662094,58.44233702466721,58.328869195662094,58.328869195662094,58.49907093916978,58.38560311016465,58.49907093916978,58.44233702466721,58.328869195662094,58.49907093916978,58.38560311016465,58.328869195662094,58.49907093916978,58.44233702466721,58.44233702466721,58.44233702466721,58.44233702466721,58.44233702466721,58.328869195662094,58.38560311016465,58.49907093916978,58.328869195662094,58.38560311016465,58.328869195662094,58.44233702466721,58.38560311016465,58.49907093916978,58.328869195662094,58.49907093916978,58.38560311016465,58.44233702466721,58.49907093916978,58.44233702466721,58.49907093916978,58.38560311016465,58.44233702466721,58.44233702466721,58.44233702466721,58.328869195662094,58.44233702466721,58.328869195662094,58.328869195662094,58.49907093916978,58.49907093916978,58.328869195662094,58.49907093916978,58.328869195662094,58.49907093916978,58.44233702466721,58.38560311016465,58.38560311016465,58.49907093916978,58.44233702466721,58.38560311016465,58.44233702466721,58.328869195662094,58.328869195662094,58.44233702466721,58.44233702466721,58.38560311016465,58.38560311016465,58.49907093916978,58.38560311016465,58.328869195662094,58.44233702466721,58.44233702466721,58.38560311016465,58.49907093916978,58.44233702466721,58.49907093916978,58.328869195662094,58.328869195662094,58.44233702466721,58.328869195662094,58.328869195662094,58.38560311016465,58.38560311016465,58.49907093916978,58.44233702466721,58.49907093916978,58.49907093916978,58.49907093916978,58.38560311016465,58.44233702466721,58.328869195662094,58.328869195662094,58.44233702466721,58.328869195662094,58.49907093916978,58.49907093916978,58.44233702466721,58.49907093916978,58.38560311016465,58.49907093916978,58.328869195662094,58.49907093916978,58.44233702466721
58.38801000350718,58.38801000350718,58.44852617897659,58.266977652568386,58.266977652568386,58.32749382803778,58.44852617897659,58.44852617897659,58.38801000350718,58.44852617897659,58.44852617897659,58.32749382803778,58.38801000350718,58.32749382803778,58.44852617897659,58.32749382803778,58.38801000350718,58.266977652568386,58.38801000350718,58.38801000350718,58.44852617897659,58.266977652568386,58.32749382803778,58.32749382803778,58.44852617897659,58.38801000350718,58.44852617897659,58.266977652568386,58.44852617897659,58.32749382803778,58.44852617897659,58.266977652568386,58.44852617897659,58.266977652568386,58.44852617897659,58.266977652568386,58.44852617897659,58.44852617897659,58.44852617897659,58.266977652568386,58.38801000350718,58.32749382803778,58.266977652568386,58.32749382803778,58.38801000350718,58.266977652568386,58.266977652568386,58.32749382803778,58.44852617897659,58.44852617897659,58.32749382803778,58.266977652568386,58.38801000350718,58.32749382803778,58.44852617897659,58.32749382803778,58.38801000350718,58.38801000350718,58.266977652568386,58.44852617897659,58.266977652568386,58.44852617897659,58.266977652568386,58.266977652568386,58.44852617897659,58.266977652568386,58.32749382803778,58.32749382803778,58.44852617897659,58.44852617897659,58.32749382803778,58.32749382803778,58.266977652568386,58.44852617897659,58.38801000350718,58.266977652568386,58.266977652568386,58.44852617897659,58.38801000350718,58.44852617897659,58.38801000350718,58.38801000350718,58.32749382803778,58.266977652568386,58.44852617897659,58.32749382803778,58.266977652568386,58.266977652568386,58.38801000350718,58.44852617897659,58.44852617897659,58.266977652568386,58.32749382803778,58.38801000350718,58.44852617897659,58.32749382803778,58.266977652568386,58.38801000350718,58.38801000350718,58.266977652568386,58.32749382803778,58.266977652568386,58.44852617897659,58.38801000350718,58.44852617897659,58.266977652568386,58.32749382803778,58.44852617897659,58.44852617897659,58.32749382803778,58.38801000350718,58.38801000350718,58.266977652568386,58.38801000350718,58.44852617897659,58.38801000350718,58.32749382803778,58.38801000350718,58.266977652568386,58.44852617897659,58.38801000350718,58.266977652568386,58.44852617897659,58.266977652568386,58.266977652568386,58.38801000350718,58.38801000350718,58.38801000350718,58.44852617897659,58.44852617897659,58.32749382803778,58.32749382803778,58.44852617897659,58.38801000350718,58.38801000350718,58.32749382803778,58.44852617897659,58.266977652568386,58.266977652568386,58.44852617897659,58.44852617897659,58.44852617897659,58.32749382803778,58.32749382803778,58.38801000350718,58.266977652568386,58.32749382803778,58.266977652568386,58.38801000350718,58.38801000350718,58.266977652568386,58.38801000350718,58.32749382803778,58.32749382803778,58.32749382803778,58.44852617897659,58.32749382803778,58.38801000350718,58.38801000350718,58.44852617897659,58.266977652568386,58.32749382803778,58.266977652568386,58.44852617897659,58.32749382803778,58.44852617897659,58.32749382803778,58.44852617897659,58.266977652568386,58.44852617897659,58.44852617897659,58.32749382803778,58.266977652568386,58.44852617897659,58.38801000350718,58.44852617897659,58.38801000350718,58.38801000350718,58.44852617897659,58.32749382803778,58.266977652568386,58.38801000350718,58.32749382803778,58.44852617897659,58.38801000350718,58.32749382803778,58.44852617897659,58.38801000350718,58.44852617897659,58.32749382803778,58.266977652568386,58.266977652568386,58.38801000350718,58.38801000350718,58.44852617897659,58.32749382803778,58.32749382803778,58.44852617897659,58.266977652568386,58.32749382803778
58.26938454591091,58.333682982347156,58.397981418783395,58.20508610947467,58.20508610947467,58.333682982347156,58.26938454591091,58.397981418783395,58.333682982347156,58.397981418783395,58.26938454591091,58.333682982347156,58.333682982347156,58.333682982347156,58.20508610947467,58.26938454591091,58.26938454591091,58.333682982347156,58.333682982347156,58.333682982347156,58.333682982347156,58.26938454591091,58.397981418783395,58.397981418783395,58.333682982347156,58.26938454591091,58.26938454591091,58.20508610947467,58.26938454591091,58.333682982347156,58.397981418783395,58.26938454591091,58.26938454591091,58.26938454591091,58.20508610947467,58.397981418783395,58.333682982347156,58.333682982347156,58.26938454591091,58.397981418783395,58.333682982347156,58.397981418783395,58.20508610947467,58.397981418783395,58.333682982347156,58.20508610947467,58.397981418783395,58.26938454591091,58.26938454591091,58.20508610947467,58.20508610947467,58.20508610947467,58.26938454591091,58.397981418783395,58.333682982347156,58.397981418783395,58.20508610947467,58.20508610947467,58.333682982347156,58.20508610947467,58.397981418783395,58.397981418783395,58.397981418783395,58.333682982347156,58.333682982347156,58.333682982347156,58.20508610947467,58.20508610947467,58.397981418783395,58.26938454591091,58.333682982347156,58.20508610947467,58.333682982347156,58.333682982347156,58.20508610947467,58.397981418783395,58.397981418783395,58.26938454591091,58.333682982347156,58.397981418783395,58.26938454591091,58.26938454591091,58.397981418783395,58.20508610947467,58.333682982347156,58.26938454591091,58.333682982347156,58.20508610947467,58.26938454591091,58.333682982347156,58.20508610947467,58.333682982347156,58.26938454591091,58.333682982347156,58.26938454591091,58.397981418783395,58.26938454591091,58.20508610947467,58.333682982347156,58.26938454591091,58.333682982347156,58.333682982347156,58.20508610947467,58.397981418783395,58.397981418783395,58.26938454591091,58.20508610947467,58.333682982347156,58.26938454591091,58.20508610947467,58.397981418783395,58.333682982347156,58.397981418783395,58.26938454591091,58.26938454591091,58.397981418783395,58.397981418783395,58.20508610947467,58.397981418783395,58.20508610947467,58.333682982347156,58.333682982347156,58.333682982347156,58.397981418783395,58.333682982347156,58.26938454591091,58.397981418783395,58.20508610947467,58.20508610947467,58.333682982347156,58.397981418783395,58.26938454591091,58.397981418783395,58.397981418783395,58.26938454591091,58.333682982347156,58.20508610947467,58.20508610947467,58.333682982347156,58.26938454591091,58.20508610947467,58.333682982347156,58.333682982347156,58.26938454591091,58.20508610947467,58.333682982347156,58.20508610947467,58.333682982347156,58.333682982347156,58.333682982347156,58.397981418783395,58.26938454591091,58.26938454591091,58.20508610947467,58.333682982347156,58.397981418783395,58.333682982347156,58.26938454591091,58.20508610947467,58.397981418783395,58.333682982347156,58.20508610947467,58.26938454591091,58.333682982347156,58.397981418783395,58.397981418783395,58.397981418783395,58.26938454591091,58.20508610947467,58.26938454591091,58.333682982347156,58.26938454591091,58.20508610947467,58.20508610947467,58.397981418783395,58.26938454591091,58.20508610947467,58.397981418783395,58.20508610947467,58.333682982347156,58.397981418783395,58.20508610947467,58.20508610947467,58.397981418783395,58.397981418783395,58.20508610947467,58.333682982347156,58.333682982347156,58.397981418783395,58.397981418783395,58.333682982347156,58.397981418783395,58.333682982347156,58.397981418783395,58.397981418783395,58.20508610947467,58.20508610947467,58.397981418783395,58.333682982347156,58.333682982347156
58.211275263784046,58.27935596118713,58.347436658590205,58.14319456638097,58.27935596118713,58.27935596118713,58.27935596118713,58.211275263784046,58.211275263784046,58.347436658590205,58.14319456638097,58.347436658590205,58.211275263784046,58.27935596118713,58.211275263784046,58.27935596118713,58.211275263784046,58.27935596118713,58.347436658590205,58.27935596118713,58.27935596118713,58.347436658590205,58.347436658590205,58.14319456638097,58.27935596118713,58.347436658590205,58.347436658590205,58.211275263784046,58.27935596118713,58.347436658590205,58.27935596118713,58.347436658590205,58.27935596118713,58.27935596118713,58.347436658590205,58.211275263784046,58.27935596118713,58.14319456638097,58.14319456638097,58.347436658590205,58.27935596118713,58.347436658590205,58.211275263784046,58.14319456638097,58.14319456638097,58.14319456638097,58.14319456638097,58.27935596118713,58.347436658590205,58.27935596118713,58.27935596118713,58.27935596118713,58.347436658590205,58.211275263784046,58.14319456638097,58.347436658590205,58.211275263784046,58.27935596118713,58.347436658590205,58.14319456638097,58.211275263784046,58.27935596118713,58.27935596118713,58.211275263784046,58.211275263784046,58.27935596118713,58.347436658590205,58.14319456638097,58.14319456638097,58.27935596118713,58.14319456638097,58.27935596118713,58.14319456638097,58.347436658590205,58.211275263784046,58.27935596118713,58.14319456638097,58.27935596118713,58.347436658590205,58.27935596118713,58.27935596118713,58.347436658590205,58.211275263784046,58.347436658590205,58.211275263784046,58.14319456638097,58.211275263784046,58.27935596118713,58.14319456638097,58.211275263784046,58.27935596118713,58.211275263784046,58.211275263784046,58.211275263784046,58.211275263784046,58.27935596118713,58.211275263784046,58.14319456638097,58.14319456638097,58.211275263784046,58.211275263784046,58.347436658590205,58.14319456638097,58.347436658590205,58.347436658590205,58.27935596118713,58.14319456638097,58.211275263784046,58.14319456638097,58.14319456638097,58.27935596118713,58.211275263784046,58.14319456638097,58.347436658590205,58.211275263784046,58.347436658590205,58.347436658590205,58.211275263784046,58.211275263784046,58.211275263784046,58.211275263784046,58.347436658590205,58.27935596118713,58.347436658590205,58.14319456638097,58.14319456638097,58.14319456638097,58.211275263784046,58.14319456638097,58.211275263784046,58.27935596118713,58.211275263784046,58.27935596118713,58.347436658590205,58.27935596118713,58.14319456638097,58.347436658590205,58.211275263784046,58.27935596118713,58.211275263784046,58.347436658590205,58.14319456638097,58.27935596118713,58.347436658590205,58.27935596118713,58.27935596118713,58.27935596118713,58.211275263784046,58.14319456638097,58.27935596118713,58.347436658590205,58.347436658590205,58.211275263784046,58.211275263784046,58.27935596118713,58.27935596118713,58.347436658590205,58.347436658590205,58.27935596118713,58.27935596118713,58.27935596118713,58.347436658590205,58.211275263784046,58.27935596118713,58.347436658590205,58.27935596118713,58.347436658590205,58.211275263784046,58.27935596118713,58.27935596118713,58.211275263784046,58.211275263784046,58.347436658590205,58.27935596118713,58.211275263784046,58.211275263784046,58.27935596118713,58.347436658590205,58.14319456638097,58.27935596118713,58.211275263784046,58.27935596118713,58.27935596118713,58.27935596118713,58.27935596118713,58.347436658590205,58.27935596118713,58.211275263784046,58.14319456638097,58.27935596118713,58.347436658590205,58.347436658590205,58.347436658590205,58.14319456638097,58.14319456638097,58.347436658590205,58.14319456638097,58.14319456638097,58.27935596118713,58.14319456638097
58.153165981657175,58.153165981657175,58.081303023287255,58.153165981657175,58.081303023287255,58.081303023287255,58.081303023287255,58.081303023287255,58.29689189839701,58.081303023287255,58.081303023287255,58.29689189839701,58.29689189839701,58.081303023287255,58.153165981657175,58.2250289400271,58.29689189839701,58.29689189839701,58.153165981657175,58.153165981657175,58.2250289400271,58.153165981657175,58.29689189839701,58.081303023287255,58.2250289400271,58.29689189839701,58.153165981657175,58.2250289400271,58.081303023287255,58.29689189839701,58.2250289400271,58.081303023287255,58.153165981657175,58.29689189839701,58.2250289400271,58.153165981657175,58.153165981657175,58.2250289400271,58.081303023287255,58.153165981657175,58.081303023287255,58.081303023287255,58.2250289400271,58.2250289400271,58.29689189839701,58.2250289400271,58.153165981657175,58.153165981657175,58.081303023287255,58.081303023287255,58.29689189839701,58.29689189839701,58.153165981657175,58.153165981657175,58.081303023287255,58.2250289400271,58.29689189839701,58.29689189839701,58.153165981657175,58.081303023287255,58.29689189839701,58.153165981657175,58.29689189839701,58.2250289400271,58.29689189839701,58.081303023287255,58.153165981657175,58.29689189839701,58.2250289400271,58.2250289400271,58.29689189839701,58.153165981657175,58.29689189839701,58.153165981657175,58.081303023287255,58.081303023287255,58.153165981657175,58.29689189839701,58.081303023287255,58.2250289400271,58.29689189839701,58.2250289400271,58.081303023287255,58.081303023287255,58.153165981657175,58.081303023287255,58.2250289400271,58.153165981657175,58.29689189839701,58.2250289400271,58.153165981657175,58.153165981657175,58.081303023287255,58.153165981657175,58.081303023287255,58.2250289400271,58.29689189839701,58.081303023287255,58.081303023287255,58.29689189839701,58.2250289400271,58.29689189839701,58.153165981657175,58.2250289400271,58.153165981657175,58.153165981657175,58.29689189839701,58.29689189839701,58.29689189839701,58.29689189839701,58.2250289400271,58.153165981657175,58.2250289400271,58.153165981657175,58.153165981657175,58.2250289400271,58.153165981657175,58.081303023287255,58.153165981657175,58.2250289400271,58.081303023287255,58.29689189839701,58.29689189839701,58.2250289400271,58.29689189839701,58.153165981657175,58.081303023287255,58.29689189839701,58.2250289400271,58.153165981657175,58.081303023287255,58.29689189839701,58.29689189839701,58.153165981657175,58.29689189839701,58.29689189839701,58.081303023287255,58.2250289400271,58.081303023287255,58.2250289400271,58.29689189839701,58.2250289400271,58.153165981657175,58.153165981657175,58.153165981657175,58.2250289400271,58.081303023287255,58.29689189839701,58.2250289400271,58.081303023287255,58.153165981657175,58.2250289400271,58.081303023287255,58.29689189839701,58.2250289400271,58.081303023287255,58.29689189839701,58.29689189839701,58.153165981657175,58.081303023287255,58.29689189839701,58.2250289400271,58.153165981657175,58.153165981657175,58.081303023287255,58.153165981657175,58.081303023287255,58.2250289400271,58.29689189839701,58.153165981657175,58.29689189839701,58.153165981657175,58.2250289400271,58.081303023287255,58.153165981657175,58.2250289400271,58.2250289400271,58.29689189839701,58.153165981657175,58.081303023287255,58.153165981657175,58.29689189839701,58.29689189839701,58.2250289400271,58.081303023287255,58.153165981657175,58.153165981657175,58.2250289400271,58.2250289400271,58.153165981657175,58.153165981657175,58.153165981657175,58.153165981657175,58.2250289400271,58.081303023287255,58.153165981657175,58.29689189839701,58.2250289400271,58.2250289400271,58.153165981657175
58.01941148019356,58.17070191886706,58.09505669953031,58.09505669953031,58.24634713820382,58.24634713820382,58.01941148019356,58.17070191886706,58.17070191886706,58.09505669953031,58.17070191886706,58.24634713820382,58.09505669953031,58.01941148019356,58.17070191886706,58.17070191886706,58.09505669953031,58.01941148019356,58.09505669953031,58.17070191886706,58.01941148019356,58.09505669953031,58.01941148019356,58.01941148019356,58.24634713820382,58.09505669953031,58.01941148019356,58.09505669953031,58.09505669953031,58.09505669953031,58.09505669953031,58.09505669953031,58.09505669953031,58.01941148019356,58.01941148019356,58.24634713820382,58.01941148019356,58.01941148019356,58.17070191886706,58.09505669953031,58.09505669953031,58.24634713820382,58.01941148019356,58.24634713820382,58.17070191886706,58.01941148019356,58.17070191886706,58.24634713820382,58.24634713820382,58.24634713820382,58.24634713820382,58.24634713820382,58.01941148019356,58.09505669953031,58.01941148019356,58.24634713820382,58.24634713820382,58.01941148019356,58.01941148019356,58.17070191886706,58.17070191886706,58.24634713820382,58.01941148019356,58.01941148019356,58.01941148019356,58.24634713820382,58.24634713820382,58.01941148019356,58.09505669953031,58.17070191886706,58.17070191886706,58.17070191886706,58.24634713820382,58.01941148019356,58.09505669953031,58.17070191886706,58.01941148019356,58.01941148019356,58.09505669953031,58.17070191886706,58.09505669953031,58.01941148019356,58.09505669953031,58.17070191886706,58.09505669953031,58.24634713820382,58.01941148019356,58.17070191886706,58.17070191886706,58.17070191886706,58.01941148019356,58.24634713820382,58.01941148019356,58.09505669953031,58.09505669953031,58.01941148019356,58.01941148019356,58.24634713820382,58.17070191886706,58.17070191886706,58.17070191886706,58.01941148019356,58.09505669953031,58.24634713820382,58.17070191886706,58.09505669953031,58.17070191886706,58.01941148019356,58.01941148019356,58.01941148019356,58.24634713820382,58.24634713820382,58.09505669953031,58.17070191886706,58.24634713820382,58.17070191886706,58.09505669953031,58.24634713820382,58.01941148019356,58.17070191886706,58.01941148019356,58.01941148019356,58.09505669953031,58.01941148019356,58.17070191886706,58.24634713820382,58.24634713820382,58.01941148019356,58.24634713820382,58.09505669953031,58.17070191886706,58.24634713820382,58.09505669953031,58.01941148019356,58.17070191886706,58.24634713820382,58.17070191886706,58.17070191886706,58.09505669953031,58.24634713820382,58.01941148019356,58.09505669953031,58.17070191886706,58.17070191886706,58.01941148019356,58.17070191886706,58.01941148019356,58.17070191886706,58.01941148019356,58.24634713820382,58.24634713820382,58.09505669953031,58.17070191886706,58.24634713820382,58.01941148019356,58.09505669953031,58.09505669953031,58.17070191886706,58.24634713820382,58.09505669953031,58.09505669953031,58.17070191886706,58.24634713820382,58.24634713820382,58.24634713820382,58.09505669953031,58.01941148019356,58.17070191886706,58.24634713820382,58.17070191886706,58.09505669953031,58.09505669953031,58.09505669953031,58.17070191886706,58.24634713820382,58.24634713820382,58.24634713820382,58.09505669953031,58.09505669953031,58.24634713820382,58.01941148019356,58.09505669953031,58.17070191886706,58.24634713820382,58.17070191886706,58.09505669953031,58.01941148019356,58.01941148019356,58.09505669953031,58.09505669953031,58.09505669953031,58.24634713820382,58.17070191886706,58.17070191886706,58.01941148019356,58.17070191886706,58.24634713820382,58.17070191886706,58.01941148019356,58.17070191886706
58.11637489770703,58.19580237801061,58.11637489770703,58.11637489770703,58.11637489770703,58.19580237801061,57.95751993709985,58.036947417403454,58.19580237801061,58.036947417403454,58.036947417403454,57.95751993709985,58.036947417403454,58.036947417403454,58.036947417403454,58.11637489770703,57.95751993709985,57.95751993709985,58.11637489770703,58.036947417403454,58.19580237801061,58.19580237801061,57.95751993709985,58.19580237801061,58.036947417403454,57.95751993709985,58.11637489770703,58.036947417403454,57.95751993709985,58.19580237801061,57.95751993709985,58.11637489770703,58.036947417403454,58.036947417403454,57.95751993709985,57.95751993709985,57.95751993709985,58.11637489770703,58.19580237801061,58.11637489770703,58.19580237801061,58.036947417403454,58.11637489770703,57.95751993709985,57.95751993709985,57.95751993709985,58.036947417403454,58.19580237801061,57.95751993709985,58.11637489770703,58.11637489770703,58.11637489770703,58.036947417403454,58.036947417403454,58.11637489770703,57.95751993709985,58.11637489770703,58.19580237801061,58.036947417403454,58.036947417403454,57.95751993709985,57.95751993709985,58.11637489770703,58.036947417403454,57.95751993709985,58.19580237801061,57.95751993709985,58.036947417403454,58.19580237801061,58.036947417403454,58.19580237801061,58.19580237801061,58.11637489770703,58.19580237801061,58.19580237801061,58.036947417403454,57.95751993709985,58.19580237801061,57.95751993709985,58.19580237801061,57.95751993709985,58.11637489770703,57.95751993709985,58.036947417403454,58.11637489770703,58.036947417403454,58.11637489770703,57.95751993709985,58.036947417403454,58.19580237801061,58.19580237801061,58.19580237801061,58.19580237801061,58.036947417403454,58.19580237801061,58.19580237801061,58.19580237801061,58.19580237801061,57.95751993709985,57.95751993709985,58.036947417403454,58.11637489770703,58.036947417403454,58.11637489770703,57.95751993709985,57.95751993709985,58.036947417403454,58.11637489770703,58.11637489770703,58.11637489770703,57.95751993709985,58.19580237801061,58.19580237801061,58.11637489770703,58.19580237801061,58.036947417403454,57.95751993709985,57.95751993709985,57.95751993709985,58.11637489770703,58.036947417403454,58.11637489770703,58.036947417403454,58.11637489770703,57.95751993709985,57.95751993709985,58.11637489770703,58.19580237801061,58.11637489770703,58.036947417403454,58.036947417403454,58.036947417403454,58.11637489770703,58.19580237801061,57.95751993709985,57.95751993709985,58.19580237801061,58.036947417403454,57.95751993709985,58.036947417403454,58.11637489770703,57.95751993709985,58.11637489770703,57.95751993709985,57.95751993709985,58.11637489770703,58.19580237801061,58.036947417403454,58.11637489770703,58.19580237801061,58.036947417403454,57.95751993709985,58.11637489770703,58.11637489770703,58.11637489770703,58.036947417403454,58.11637489770703,57.95751993709985,57.95751993709985,58.19580237801061,58.19580237801061,58.036947417403454,58.11637489770703,57.95751993709985,58.11637489770703,58.11637489770703,58.11637489770703,58.036947417403454,58.036947417403454,58.11637489770703,57.95751993709985,58.11637489770703,58.11637489770703,57.95751993709985,57.95751993709985,58.19580237801061,57.95751993709985,58.19580237801061,57.95751993709985,57.95751993709985,57.95751993709985,58.11637489770703,57.95751993709985,58.036947417403454,57.95751993709985,58.11637489770703,58.036947417403454,57.95751993709985,58.19580237801061,58.036947417403454,57.95751993709985,58.19580237801061,57.95751993709985,58.11637489770703,58.19580237801061,58.11637489770703,58.11637489770703,58.19580237801061,58.11637489770703,58.036947417403454
57.978838135276575,57.978838135276575,58.062047876547,57.89562839400614,58.062047876547,58.14525761781743,57.978838135276575,57.978838135276575,58.14525761781743,57.978838135276575,58.062047876547,58.14525761781743,57.978838135276575,58.062047876547,58.14525761781743,57.89562839400614,58.14525761781743,57.89562839400614,57.978838135276575,57.978838135276575,58.062047876547,58.14525761781743,58.14525761781743,58.14525761781743,57.978838135276575,58.14525761781743,58.062047876547,58.062047876547,57.89562839400614,57.978838135276575,58.14525761781743,58.14525761781743,57.978838135276575,58.062047876547,57.89562839400614,58.14525761781743,57.89562839400614,58.14525761781743,57.978838135276575,57.978838135276575,58.062047876547,58.062047876547,58.14525761781743,57.89562839400614,58.062047876547,58.062047876547,57.978838135276575,57.89562839400614,57.978838135276575,58.14525761781743,57.978838135276575,58.062047876547,57.978838135276575,58.062047876547,57.89562839400614,58.062047876547,58.14525761781743,57.89562839400614,58.062047876547,57.89562839400614,57.978838135276575,58.14525761781743,57.978838135276575,57.978838135276575,58.14525761781743,58.062047876547,57.89562839400614,58.062047876547,57.89562839400614,57.978838135276575,58.14525761781743,57.89562839400614,58.062047876547,57.978838135276575,57.89562839400614,57.978838135276575,58.062047876547,58.14525761781743,57.978838135276575,57.89562839400614,58.14525761781743,57.978838135276575,57.89562839400614,57.89562839400614,58.062047876547,58.062047876547,57.978838135276575,57.978838135276575,57.978838135276575,58.062047876547,58.14525761781743,57.89562839400614,57.978838135276575,57.978838135276575,58.14525761781743,57.978838135276575,57.89562839400614,58.14525761781743,58.062047876547,58.062047876547,58.14525761781743,57.89562839400614,57.89562839400614,57.89562839400614,58.062047876547,58.062047876547,57.978838135276575,57.89562839400614,58.14525761781743,58.14525761781743,58.14525761781743,58.14525761781743,58.062047876547,57.89562839400614,57.978838135276575,57.978838135276575,57.89562839400614,57.978838135276575,57.89562839400614,58.062047876547,58.14525761781743,57.978838135276575,58.14525761781743,58.14525761781743,57.89562839400614,57.89562839400614,57.978838135276575,57.89562839400614,57.89562839400614,57.978838135276575,57.89562839400614,57.89562839400614,58.14525761781743,58.062047876547,57.978838135276575,58.14525761781743,58.062047876547,57.978838135276575,57.89562839400614,57.978838135276575,58.062047876547,58.062047876547,58.14525761781743,57.978838135276575,58.062047876547,58.14525761781743,57.89562839400614,57.978838135276575,58.062047876547,58.14525761781743,58.062047876547,57.89562839400614,58.062047876547,57.89562839400614,58.062047876547,57.978838135276575,57.978838135276575,58.14525761781743,58.14525761781743,57.978838135276575,57.89562839400614,57.89562839400614,57.89562839400614,58.062047876547,58.062047876547,58.14525761781743,58.062047876547,58.14525761781743,58.062047876547,57.978838135276575,58.14525761781743,58.14525761781743,58.062047876547,58.062047876547,57.978838135276575,57.978838135276575,57.978838135276575,58.062047876547,58.14525761781743,57.89562839400614,58.062047876547,57.978838135276575,58.062047876547,57.89562839400614,57.978838135276575,57.978838135276575,58.062047876547,58.062047876547,58.14525761781743,57.89562839400614,57.978838135276575,58.14525761781743,57.978838135276575,57.978838135276575,58.062047876547,57.978838135276575,58.14525761781743,58.062047876547,57.978838135276575,57.89562839400614
57.9207288531497,58.00772085538697,58.00772085538697,58.00772085538697,58.09471285762423,57.833736850912445,57.9207288531497,58.09471285762423,58.00772085538697,57.9207288531497,58.09471285762423,58.00772085538697,58.09471285762423,58.09471285762423,57.833736850912445,58.00772085538697,57.9207288531497,58.00772085538697,57.9207288531497,57.833736850912445,57.9207288531497,58.09471285762423,58.09471285762423,57.9207288531497,57.833736850912445,58.09471285762423,57.9207288531497,57.833736850912445,58.00772085538697,58.00772085538697,57.833736850912445,58.09471285762423,57.833736850912445,57.833736850912445,58.00772085538697,57.9207288531497,58.00772085538697,57.9207288531497,57.9207288531497,58.09471285762423,57.9207288531497,58.09471285762423,57.833736850912445,57.9207288531497,58.00772085538697,57.833736850912445,57.833736850912445,57.9207288531497,58.00772085538697,57.9207288531497,57.9207288531497,57.833736850912445,58.09471285762423,58.09471285762423,57.833736850912445,57.833736850912445,57.833736850912445,57.9207288531497,57.833736850912445,57.9207288531497,57.9207288531497,57.833736850912445,57.833736850912445,58.09471285762423,57.9207288531497,57.833736850912445,57.833736850912445,57.9207288531497,58.09471285762423,58.00772085538697,58.09471285762423,57.833736850912445,58.09471285762423,58.00772085538697,57.9207288531497,57.833736850912445,58.09471285762423,57.833736850912445,57.833736850912445,58.09471285762423,57.833736850912445,57.833736850912445,57.9207288531497,58.00772085538697,57.833736850912445,58.09471285762423,57.9207288531497,58.00772085538697,58.09471285762423,57.9207288531497,58.09471285762423,57.833736850912445,57.833736850912445,58.00772085538697,57.833736850912445,57.9207288531497,57.9207288531497,57.833736850912445,57.9207288531497,57.833736850912445,58.00772085538697,57.833736850912445,58.09471285762423,58.09471285762423,57.833736850912445,58.00772085538697,58.00772085538697,57.833736850912445,57.833736850912445,58.00772085538697,57.9207288531497,58.09471285762423,57.9207288531497,57.833736850912445,58.00772085538697,58.09471285762423,58.09471285762423,58.00772085538697,57.833736850912445,58.00772085538697,58.09471285762423,57.9207288531497,58.00772085538697,58.00772085538697,57.833736850912445,57.9207288531497,58.09471285762423,57.833736850912445,58.09471285762423,57.9207288531497,57.9207288531497,58.09471285762423,58.09471285762423,58.09471285762423,57.833736850912445,57.9207288531497,58.09471285762423,57.9207288531497,58.09471285762423,58.09471285762423,58.09471285762423,57.9207288531497,57.9207288531497,58.09471285762423,57.9207288531497,57.9207288531497,58.09471285762423,57.9207288531497,58.00772085538697,57.9207288531497,57.833736850912445,58.00772085538697,58.00772085538697,57.9207288531497,58.09471285762423,58.00772085538697,58.00772085538697,57.9207288531497,58.00772085538697,58.00772085538697,58.00772085538697,58.00772085538697,57.833736850912445,57.833736850912445,58.09471285762423,58.09471285762423,58.09471285762423,57.833736850912445,58.00772085538697,57.833736850912445,58.09471285762423,57.9207288531497,57.833736850912445,57.833736850912445,57.833736850912445,58.00772085538697,58.00772085538697,57.9207288531497,57.833736850912445,58.00772085538697,58.00772085538697,58.00772085538697,58.00772085538697,57.833736850912445,58.00772085538697,57.833736850912445,58.09471285762423,58.09471285762423,57.833736850912445,57.9207288531497,58.00772085538697,57.833736850912445,58.09471285762423,57.833736850912445,58.09471285762423,58.00772085538697,57.9207288531497,58.00772085538697,57.9207288531497,58.00772085538697
57.86261957102283,57.95339383422693,57.77184530781872,58.04416809743104,58.04416809743104,57.86261957102283,57.77184530781872,57.77184530781872,57.77184530781872,57.86261957102283,57.95339383422693,57.95339383422693,57.86261957102283,57.86261957102283,58.04416809743104,57.95339383422693,57.77184530781872,58.04416809743104,58.04416809743104,57.77184530781872,58.04416809743104,57.77184530781872,57.86261957102283,57.95339383422693,57.86261957102283,57.86261957102283,58.04416809743104,57.86261957102283,57.86261957102283,57.86261957102283,58.04416809743104,57.86261957102283,57.77184530781872,58.04416809743104,57.95339383422693,58.04416809743104,57.77184530781872,57.86261957102283,57.86261957102283,58.04416809743104,58.04416809743104,57.86261957102283,57.77184530781872,58.04416809743104,57.95339383422693,57.77184530781872,57.77184530781872,57.86261957102283,57.86261957102283,57.95339383422693,57.95339383422693,57.86261957102283,57.77184530781872,58.04416809743104,57.77184530781872,57.95339383422693,58.04416809743104,57.86261957102283,57.86261957102283,57.77184530781872,58.04416809743104,57.77184530781872,58.04416809743104,58.04416809743104,57.95339383422693,57.95339383422693,57.86261957102283,57.95339383422693,57.86261957102283,58.04416809743104,57.86261957102283,57.77184530781872,58.04416809743104,57.95339383422693,57.95339383422693,57.86261957102283,57.95339383422693,57.95339383422693,57.77184530781872,57.77184530781872,58.04416809743104,57.95339383422693,57.95339383422693,57.95339383422693,57.86261957102283,57.95339383422693,57.95339383422693,58.04416809743104,58.04416809743104,57.86261957102283,57.95339383422693,57.95339383422693,58.04416809743104,57.95339383422693,57.86261957102283,57.77184530781872,57.95339383422693,58.04416809743104,57.77184530781872,58.04416809743104,57.77184530781872,58.04416809743104,57.86261957102283,58.04416809743104,57.95339383422693,57.86261957102283,57.95339383422693,57.86261957102283,57.86261957102283,57.95339383422693,57.77184530781872,58.04416809743104,58.04416809743104,58.04416809743104,58.04416809743104,57.95339383422693,57.77184530781872,57.95339383422693,57.77184530781872,58.04416809743104,57.77184530781872,58.04416809743104,57.86261957102283,57.86261957102283,57.95339383422693,57.86261957102283,57.77184530781872,57.77184530781872,57.86261957102283,57.77184530781872,58.04416809743104,57.77184530781872,57.86261957102283,57.95339383422693,57.95339383422693,57.86261957102283,58.04416809743104,57.95339383422693,58.04416809743104,57.86261957102283,57.95339383422693,57.86261957102283,58.04416809743104,57.95339383422693,58.04416809743104,58.04416809743104,57.95339383422693,57.86261957102283,57.77184530781872,57.86261957102283,57.86261957102283,57.77184530781872,57.77184530781872,57.86261957102283,57.77184530781872,57.86261957102283,58.04416809743104,57.95339383422693,57.77184530781872,57.86261957102283,57.77184530781872,58.04416809743104,57.77184530781872,57.86261957102283,57.86261957102283,57.95339383422693,58.04416809743104,57.95339383422693,57.95339383422693,58.04416809743104,57.95339383422693,57.95339383422693,58.04416809743104,57.86261957102283,58.04416809743104,57.95339383422693,57.95339383422693,58.04416809743104,57.95339383422693,57.77184530781872,58.04416809743104,57.95339383422693,57.77184530781872,57.77184530781872,58.04416809743104,57.77184530781872,57.95339383422693,57.86261957102283,57.77184530781872,57.77184530781872,57.86261957102283,58.04416809743104,57.77184530781872,57.95339383422693,57.95339383422693,57.86261957102283,58.04416809743104,57.77184530781872,57.86261957102283,57.86261957102283
57.70995376472503,57.70995376472503,57.8990668130669,57.70995376472503,57.80451028889597,57.99362333723784,57.8990668130669,57.70995376472503,57.80451028889597,57.99362333723784,57.80451028889597,57.80451028889597,57.8990668130669,57.99362333723784,57.70995376472503,57.8990668130669,57.8990668130669,57.70995376472503,57.99362333723784,57.70995376472503,57.80451028889597,57.70995376472503,57.80451028889597,57.8990668130669,57.80451028889597,57.8990668130669,57.70995376472503,57.99362333723784,57.8990668130669,57.99362333723784,57.70995376472503,57.99362333723784,57.80451028889597,57.80451028889597,57.70995376472503,57.8990668130669,57.70995376472503,57.8990668130669,57.80451028889597,57.70995376472503,57.80451028889597,57.99362333723784,57.80451028889597,57.8990668130669,57.80451028889597,57.80451028889597,57.80451028889597,57.8990668130669,57.8990668130669,57.70995376472503,57.8990668130669,57.80451028889597,57.99362333723784,57.70995376472503,57.8990668130669,57.99362333723784,57.8990668130669,57.8990668130669,57.70995376472503,57.99362333723784,57.70995376472503,57.8990668130669,57.80451028889597,57.70995376472503,57.70995376472503,57.80451028889597,57.80451028889597,57.99362333723784,57.80451028889597,57.8990668130669,57.80451028889597,57.70995376472503,57.80451028889597,57.99362333723784,57.99362333723784,57.70995376472503,57.8990668130669,57.99362333723784,57.80451028889597,57.8990668130669,57.8990668130669,57.8990668130669,57.80451028889597,57.8990668130669,57.80451028889597,57.8990668130669,57.99362333723784,57.99362333723784,57.8990668130669,57.80451028889597,57.80451028889597,57.80451028889597,57.99362333723784,57.80451028889597,57.99362333723784,57.8990668130669,57.70995376472503,57.99362333723784,57.99362333723784,57.99362333723784,57.8990668130669,57.99362333723784,57.8990668130669,57.8990668130669,57.70995376472503,57.99362333723784,57.99362333723784,57.99362333723784,57.80451028889597,57.80451028889597,57.99362333723784,57.99362333723784,57.80451028889597,57.99362333723784,57.70995376472503,57.8990668130669,57.80451028889597,57.99362333723784,57.8990668130669,57.80451028889597,57.99362333723784,57.70995376472503,57.99362333723784,57.80451028889597,57.70995376472503,57.80451028889597,57.8990668130669,57.99362333723784,57.99362333723784,57.99362333723784,57.80451028889597,57.99362333723784,57.70995376472503,57.99362333723784,57.70995376472503,57.8990668130669,57.8990668130669,57.8990668130669,57.8990668130669,57.8990668130669,57.8990668130669,57.99362333723784,57.8990668130669,57.80451028889597,57.80451028889597,57.70995376472503,57.8990668130669,57.80451028889597,57.70995376472503,57.99362333723784,57.99362333723784,57.70995376472503,57.80451028889597,57.99362333723784,57.99362333723784,57.80451028889597,57.70995376472503,57.99362333723784,57.99362333723784,57.70995376472503,57.70995376472503,57.70995376472503,57.99362333723784,57.80451028889597,57.80451028889597,57.8990668130669,57.8990668130669,57.80451028889597,57.70995376472503,57.70995376472503,57.8990668130669,57.80451028889597,57.80451028889597,57.70995376472503,57.70995376472503,57.70995376472503,57.99362333723784,57.8990668130669,57.70995376472503,57.8990668130669,57.70995376472503,57.8990668130669,57.8990668130669,57.99362333723784,57.99362333723784,57.99362333723784,57.8990668130669,57.99362333723784,57.99362333723784,57.99362333723784,57.99362333723784,57.80451028889597,57.8990668130669,57.8990668130669,57.80451028889597,57.99362333723784,57.99362333723784,57.8990668130669,57.8990668130669,57.8990668130669
57.844739791906875,57.7464010067691,57.844739791906875,57.64806222163132,57.844739791906875,57.7464010067691,57.64806222163132,57.7464010067691,57.94307857704466,57.64806222163132,57.94307857704466,57.94307857704466,57.94307857704466,57.64806222163132,57.94307857704466,57.7464010067691,57.844739791906875,57.94307857704466,57.7464010067691,57.64806222163132,57.844739791906875,57.94307857704466,57.844739791906875,57.844739791906875,57.844739791906875,57.94307857704466,57.64806222163132,57.64806222163132,57.64806222163132,57.844739791906875,57.64806222163132,57.64806222163132,57.94307857704466,57.7464010067691,57.844739791906875,57.7464010067691,57.94307857704466,57.64806222163132,57.7464010067691,57.844739791906875,57.94307857704466,57.844739791906875,57.7464010067691,57.7464010067691,57.7464010067691,57.7464010067691,57.7464010067691,57.64806222163132,57.94307857704466,57.7464010067691,57.64806222163132,57.7464010067691,57.64806222163132,57.7464010067691,57.64806222163132,57.94307857704466,57.64806222163132,57.64806222163132,57.64806222163132,57.844739791906875,57.94307857704466,57.844739791906875,57.844739791906875,57.94307857704466,57.844739791906875,57.64806222163132,57.844739791906875,57.64806222163132,57.64806222163132,57.7464010067691,57.64806222163132,57.64806222163132,57.64806222163132,57.64806222163132,57.64806222163132,57.64806222163132,57.64806222163132,57.7464010067691,57.7464010067691,57.64806222163132,57.7464010067691,57.7464010067691,57.7464010067691,57.94307857704466,57.7464010067691,57.844739791906875,57.64806222163132,57.7464010067691,57.94307857704466,57.94307857704466,57.7464010067691,57.94307857704466,57.64806222163132,57.7464010067691,57.7464010067691,57.844739791906875,57.64806222163132,57.94307857704466,57.844739791906875,57.64806222163132,57.64806222163132,57.64806222163132,57.64806222163132,57.64806222163132,57.94307857704466,57.7464010067691,57.64806222163132,57.7464010067691,57.844739791906875,57.844739791906875,57.94307857704466,57.64806222163132,57.64806222163132,57.64806222163132,57.64806222163132,57.7464010067691,57.7464010067691,57.844739791906875,57.844739791906875,57.844739791906875,57.844739791906875,57.64806222163132,57.64806222163132,57.7464010067691,57.844739791906875,57.64806222163132,57.7464010067691,57.64806222163132,57.844739791906875,57.7464010067691,57.7464010067691,57.94307857704466,57.7464010067691,57.64806222163132,57.94307857704466,57.844739791906875,57.7464010067691,57.64806222163132,57.94307857704466,57.94307857704466,57.7464010067691,57.7464010067691,57.94307857704466,57.94307857704466,57.64806222163132,57.94307857704466,57.7464010067691,57.64806222163132,57.94307857704466,57.7464010067691,57.64806222163132,57.64806222163132,57.844739791906875,57.844739791906875,57.7464010067691,57.94307857704466,57.94307857704466,57.64806222163132,57.64806222163132,57.844739791906875,57.7464010067691,57.94307857704466,57.844739791906875,57.64806222163132,57.844739791906875,57.64806222163132,57.844739791906875,57.7464010067691,57.844739791906875,57.844739791906875,57.7464010067691,57.64806222163132,57.844739791906875,57.64806222163132,57.7464010067691,57.7464010067691,57.94307857704466,57.94307857704466,57.844739791906875,57.64806222163132,57.94307857704466,57.64806222163132,57.64806222163132,57.7464010067691,57.94307857704466,57.94307857704466,57.64806222163132,57.844739791906875,57.94307857704466,57.64806222163132,57.844739791906875,57.64806222163132,57.844739791906875,57.64806222163132,57.64806222163132,57.844739791906875,57.844739791906875,57.7464010067691,57.64806222163132,57.64806222163132
57.89253381685147,57.79041277074685,57.89253381685147,57.58617067853762,57.58617067853762,57.89253381685147,57.58617067853762,57.79041277074685,57.68829172464224,57.79041277074685,57.89253381685147,57.89253381685147,57.68829172464224,57.58617067853762,57.89253381685147,57.89253381685147,57.79041277074685,57.68829172464224,57.79041277074685,57.79041277074685,57.79041277074685,57.79041277074685,57.89253381685147,57.89253381685147,57.89253381685147,57.58617067853762,57.79041277074685,57.58617067853762,57.68829172464224,57.58617067853762,57.68829172464224,57.79041277074685,57.58617067853762,57.79041277074685,57.68829172464224,57.58617067853762,57.89253381685147,57.58617067853762,57.89253381685147,57.68829172464224,57.68829172464224,57.68829172464224,57.58617067853762,57.58617067853762,57.79041277074685,57.58617067853762,57.58617067853762,57.79041277074685,57.89253381685147,57.68829172464224,57.68829172464224,57.68829172464224,57.89253381685147,57.58617067853762,57.89253381685147,57.79041277074685,57.58617067853762,57.79041277074685,57.89253381685147,57.68829172464224,57.79041277074685,57.58617067853762,57.79041277074685,57.58617067853762,57.79041277074685,57.68829172464224,57.79041277074685,57.79041277074685,57.79041277074685,57.89253381685147,57.79041277074685,57.89253381685147,57.79041277074685,57.58617067853762,57.89253381685147,57.68829172464224,57.68829172464224,57.89253381685147,57.58617067853762,57.58617067853762,57.89253381685147,57.79041277074685,57.68829172464224,57.79041277074685,57.68829172464224,57.89253381685147,57.68829172464224,57.58617067853762,57.89253381685147,57.89253381685147,57.79041277074685,57.58617067853762,57.68829172464224,57.58617067853762,57.89253381685147,57.68829172464224,57.79041277074685,57.58617067853762,57.89253381685147,57.79041277074685,57.79041277074685,57.79041277074685,57.79041277074685,57.89253381685147,57.58617067853762,57.68829172464224,57.89253381685147,57.58617067853762,57.68829172464224,57.79041277074685,57.58617067853762,57.79041277074685,57.79041277074685,57.58617067853762,57.58617067853762,57.79041277074685,57.79041277074685,57.58617067853762,57.58617067853762,57.89253381685147,57.68829172464224,57.58617067853762,57.68829172464224,57.89253381685147,57.89253381685147,57.89253381685147,57.58617067853762,57.58617067853762,57.68829172464224,57.89253381685147,57.79041277074685,57.89253381685147,57.68829172464224,57.68829172464224,57.79041277074685,57.68829172464224,57.68829172464224,57.89253381685147,57.68829172464224,57.58617067853762,57.79041277074685,57.89253381685147,57.89253381685147,57.89253381685147,57.79041277074685,57.79041277074685,57.68829172464224,57.58617067853762,57.89253381685147,57.89253381685147,57.79041277074685,57.58617067853762,57.68829172464224,57.89253381685147,57.89253381685147,57.58617067853762,57.79041277074685,57.68829172464224,57.68829172464224,57.68829172464224,57.68829172464224,57.68829172464224,57.79041277074685,57.89253381685147,57.58617067853762,57.89253381685147,57.68829172464224,57.89253381685147,57.79041277074685,57.89253381685147,57.68829172464224,57.68829172464224,57.79041277074685,57.68829172464224,57.58617067853762,57.68829172464224,57.58617067853762,57.89253381685147,57.79041277074685,57.58617067853762,57.89253381685147,57.68829172464224,57.89253381685147,57.79041277074685,57.79041277074685,57.58617067853762,57.68829172464224,57.58617067853762,57.89253381685147,57.58617067853762,57.89253381685147,57.58617067853762,57.79041277074685,57.79041277074685,57.58617067853762,57.58617067853762,57.68829172464224,57.58617067853762,57.58617067853762,57.68829172464224
57.84198905665827,57.52427913544391,57.84198905665827,57.73608574958682,57.73608574958682,57.73608574958682,57.63018244251536,57.63018244251536,57.84198905665827,57.63018244251536,57.63018244251536,57.84198905665827,57.84198905665827,57.52427913544391,57.84198905665827,57.73608574958682,57.73608574958682,57.84198905665827,57.52427913544391,57.73608574958682,57.73608574958682,57.73608574958682,57.52427913544391,57.84198905665827,57.84198905665827,57.63018244251536,57.73608574958682,57.84198905665827,57.52427913544391,57.84198905665827,57.52427913544391,57.73608574958682,57.63018244251536,57.84198905665827,57.73608574958682,57.63018244251536,57.63018244251536,57.52427913544391,57.63018244251536,57.63018244251536,57.63018244251536,57.84198905665827,57.63018244251536,57.63018244251536,57.52427913544391,57.63018244251536,57.73608574958682,57.84198905665827,57.63018244251536,57.84198905665827,57.52427913544391,57.84198905665827,57.63018244251536,57.73608574958682,57.84198905665827,57.63018244251536,57.63018244251536,57.63018244251536,57.63018244251536,57.73608574958682,57.84198905665827,57.73608574958682,57.63018244251536,57.73608574958682,57.73608574958682,57.73608574958682,57.52427913544391,57.84198905665827,57.52427913544391,57.52427913544391,57.84198905665827,57.63018244251536,57.73608574958682,57.52427913544391,57.73608574958682,57.73608574958682,57.52427913544391,57.63018244251536,57.84198905665827,57.84198905665827,57.84198905665827,57.84198905665827,57.52427913544391,57.52427913544391,57.52427913544391,57.63018244251536,57.84198905665827,57.73608574958682,57.73608574958682,57.52427913544391,57.63018244251536,57.63018244251536,57.52427913544391,57.84198905665827,57.73608574958682,57.84198905665827,57.52427913544391,57.84198905665827,57.63018244251536,57.52427913544391,57.84198905665827,57.73608574958682,57.63018244251536,57.84198905665827,57.63018244251536,57.52427913544391,57.63018244251536,57.84198905665827,57.84198905665827,57.73608574958682,57.63018244251536,57.63018244251536,57.73608574958682,57.84198905665827,57.52427913544391,57.84198905665827,57.52427913544391,57.84198905665827,57.52427913544391,57.84198905665827,57.84198905665827,57.63018244251536,57.73608574958682,57.63018244251536,57.73608574958682,57.73608574958682,57.73608574958682,57.84198905665827,57.63018244251536,57.52427913544391,57.52427913544391,57.84198905665827,57.84198905665827,57.63018244251536,57.52427913544391,57.84198905665827,57.63018244251536,57.52427913544391,57.84198905665827,57.84198905665827,57.73608574958682,57.73608574958682,57.73608574958682,57.73608574958682,57.84198905665827,57.73608574958682,57.63018244251536,57.73608574958682,57.63018244251536,57.73608574958682,57.63018244251536,57.63018244251536,57.52427913544391,57.63018244251536,57.84198905665827,57.63018244251536,57.73608574958682,57.73608574958682,57.63018244251536,57.84198905665827,57.73608574958682,57.73608574958682,57.73608574958682,57.63018244251536,57.63018244251536,57.63018244251536,57.73608574958682,57.52427913544391,57.52427913544391,57.84198905665827,57.52427913544391,57.63018244251536,57.84198905665827,57.63018244251536,57.73608574958682,57.73608574958682,57.73608574958682,57.73608574958682,57.52427913544391,57.63018244251536,57.52427913544391,57.63018244251536,57.63018244251536,57.84198905665827,57.52427913544391,57.52427913544391,57.63018244251536,57.84198905665827,57.84198905665827,57.73608574958682,57.73608574958682,57.73608574958682,57.63018244251536,57.84198905665827,57.84198905665827,57.63018244251536,57.84198905665827,57.52427913544391,57.73608574958682,57.63018244251536
57.572073160388484,57.79144429646508,57.572073160388484,57.68175872842678,57.4623875923502,57.68175872842678,57.4623875923502,57.4623875923502,57.68175872842678,57.68175872842678,57.68175872842678,57.79144429646508,57.4623875923502,57.572073160388484,57.68175872842678,57.572073160388484,57.572073160388484,57.68175872842678,57.4623875923502,57.4623875923502,57.4623875923502,57.572073160388484,57.68175872842678,57.79144429646508,57.79144429646508,57.4623875923502,57.68175872842678,57.68175872842678,57.572073160388484,57.572073160388484,57.572073160388484,57.4623875923502,57.79144429646508,57.68175872842678,57.572073160388484,57.572073160388484,57.4623875923502,57.68175872842678,57.572073160388484,57.79144429646508,57.68175872842678,57.4623875923502,57.572073160388484,57.4623875923502,57.572073160388484,57.4623875923502,57.572073160388484,57.79144429646508,57.4623875923502,57.572073160388484,57.572073160388484,57.4623875923502,57.572073160388484,57.572073160388484,57.79144429646508,57.4623875923502,57.4623875923502,57.4623875923502,57.68175872842678,57.79144429646508,57.68175872842678,57.79144429646508,57.572073160388484,57.572073160388484,57.79144429646508,57.79144429646508,57.572073160388484,57.68175872842678,57.572073160388484,57.4623875923502,57.68175872842678,57.79144429646508,57.79144429646508,57.572073160388484,57.4623875923502,57.68175872842678,57.68175872842678,57.572073160388484,57.68175872842678,57.79144429646508,57.572073160388484,57.68175872842678,57.79144429646508,57.79144429646508,57.79144429646508,57.79144429646508,57.572073160388484,57.572073160388484,57.4623875923502,57.572073160388484,57.68175872842678,57.4623875923502,57.79144429646508,57.68175872842678,57.79144429646508,57.4623875923502,57.572073160388484,57.79144429646508,57.79144429646508,57.68175872842678,57.572073160388484,57.68175872842678,57.572073160388484,57.572073160388484,57.4623875923502,57.4623875923502,57.572073160388484,57.79144429646508,57.572073160388484,57.572073160388484,57.79144429646508,57.79144429646508,57.4623875923502,57.68175872842678,57.572073160388484,57.79144429646508,57.4623875923502,57.79144429646508,57.68175872842678,57.572073160388484,57.79144429646508,57.4623875923502,57.79144429646508,57.79144429646508,57.4623875923502,57.4623875923502,57.68175872842678,57.4623875923502,57.68175872842678,57.68175872842678,57.68175872842678,57.572073160388484,57.4623875923502,57.68175872842678,57.68175872842678,57.4623875923502,57.68175872842678,57.79144429646508,57.68175872842678,57.68175872842678,57.79144429646508,57.79144429646508,57.79144429646508,57.4623875923502,57.68175872842678,57.572073160388484,57.4623875923502,57.572073160388484,57.79144429646508,57.572073160388484,57.68175872842678,57.4623875923502,57.572073160388484,57.79144429646508,57.68175872842678,57.572073160388484,57.572073160388484,57.68175872842678,57.68175872842678,57.4623875923502,57.79144429646508,57.4623875923502,57.4623875923502,57.79144429646508,57.68175872842678,57.572073160388484,57.572073160388484,57.79144429646508,57.572073160388484,57.4623875923502,57.4623875923502,57.79144429646508,57.79144429646508,57.572073160388484,57.79144429646508,57.572073160388484,57.4623875923502,57.572073160388484,57.572073160388484,57.4623875923502,57.79144429646508,57.79144429646508,57.4623875923502,57.79144429646508,57.572073160388484,57.79144429646508,57.68175872842678,57.79144429646508,57.572073160388484,57.68175872842678,57.572073160388484,57.68175872842678,57.572073160388484,57.68175872842678,57.4623875923502,57.572073160388484,57.68175872842678,57.79144429646508,57.4623875923502,57.79144429646508
57.740899536271876,57.740899536271876,57.4004960492565,57.51396387826162,57.62743170726675,57.740899536271876,57.740899536271876,57.51396387826162,57.4004960492565,57.4004960492565,57.4004960492565,57.4004960492565,57.740899536271876,57.740899536271876,57.51396387826162,57.62743170726675,57.740899536271876,57.62743170726675,57.740899536271876,57.62743170726675,57.4004960492565,57.51396387826162,57.62743170726675,57.62743170726675,57.51396387826162,57.62743170726675,57.4004960492565,57.62743170726675,57.62743170726675,57.51396387826162,57.4004960492565,57.740899536271876,57.62743170726675,57.51396387826162,57.740899536271876,57.62743170726675,57.62743170726675,57.4004960492565,57.740899536271876,57.4004960492565,57.4004960492565,57.4004960492565,57.51396387826162,57.51396387826162,57.51396387826162,57.740899536271876,57.62743170726675,57.740899536271876,57.62743170726675,57.740899536271876,57.740899536271876,57.51396387826162,57.4004960492565,57.740899536271876,57.62743170726675,57.4004960492565,57.51396387826162,57.62743170726675,57.740899536271876,57.4004960492565,57.4004960492565,57.4004960492565,57.51396387826162,57.51396387826162,57.51396387826162,57.4004960492565,57.740899536271876,57.740899536271876,57.62743170726675,57.51396387826162,57.51396387826162,57.740899536271876,57.740899536271876,57.4004960492565,57.51396387826162,57.51396387826162,57.4004960492565,57.62743170726675,57.740899536271876,57.51396387826162,57.740899536271876,57.740899536271876,57.51396387826162,57.4004960492565,57.4004960492565,57.740899536271876,57.4004960492565,57.740899536271876,57.51396387826162,57.740899536271876,57.4004960492565,57.62743170726675,57.740899536271876,57.4004960492565,57.51396387826162,57.740899536271876,57.740899536271876,57.4004960492565,57.740899536271876,57.740899536271876,57.4004960492565,57.62743170726675,57.51396387826162,57.51396387826162,57.740899536271876,57.51396387826162,57.740899536271876,57.4004960492565,57.62743170726675,57.4004960492565,57.62743170726675,57.4004960492565,57.740899536271876,57.51396387826162,57.51396387826162,57.4004960492565,57.740899536271876,57.62743170726675,57.62743170726675,57.4004960492565,57.51396387826162,57.62743170726675,57.740899536271876,57.740899536271876,57.740899536271876,57.4004960492565,57.740899536271876,57.51396387826162,57.740899536271876,57.62743170726675,57.62743170726675,57.4004960492565,57.51396387826162,57.62743170726675,57.62743170726675,57.62743170726675,57.62743170726675,57.51396387826162,57.4004960492565,57.740899536271876,57.4004960492565,57.4004960492565,57.4004960492565,57.51396387826162,57.51396387826162,57.740899536271876,57.740899536271876,57.740899536271876,57.51396387826162,57.4004960492565,57.740899536271876,57.62743170726675,57.4004960492565,57.62743170726675,57.62743170726675,57.51396387826162,57.4004960492565,57.4004960492565,57.62743170726675,57.740899536271876,57.51396387826162,57.51396387826162,57.51396387826162,57.4004960492565,57.740899536271876,57.4004960492565,57.4004960492565,57.51396387826162,57.51396387826162,57.51396387826162,57.4004960492565,57.740899536271876,57.51396387826162,57.62743170726675,57.740899536271876,57.4004960492565,57.740899536271876,57.51396387826162,57.51396387826162,57.51396387826162,57.740899536271876,57.51396387826162,57.740899536271876,57.51396387826162,57.4004960492565,57.62743170726675,57.740899536271876,57.51396387826162,57.62743170726675,57.62743170726675,57.62743170726675,57.4004960492565,57.51396387826162,57.51396387826162,57.62743170726675,57.4004960492565,57.740899536271876,57.4004960492565,57.51396387826162,57.62743170726675
57.338604506162795,57.455854596134756,57.69035477607869,57.338604506162795,57.57310468610671,57.338604506162795,57.455854596134756,57.69035477607869,57.69035477607869,57.455854596134756,57.338604506162795,57.338604506162795,57.455854596134756,57.455854596134756,57.57310468610671,57.455854596134756,57.69035477607869,57.455854596134756,57.455854596134756,57.455854596134756,57.57310468610671,57.69035477607869,57.69035477607869,57.455854596134756,57.338604506162795,57.57310468610671,57.338604506162795,57.455854596134756,57.69035477607869,57.57310468610671,57.57310468610671,57.455854596134756,57.455854596134756,57.338604506162795,57.455854596134756,57.69035477607869,57.455854596134756,57.338604506162795,57.57310468610671,57.57310468610671,57.455854596134756,57.455854596134756,57.57310468610671,57.69035477607869,57.338604506162795,57.338604506162795,57.69035477607869,57.338604506162795,57.57310468610671,57.338604506162795,57.69035477607869,57.338604506162795,57.338604506162795,57.338604506162795,57.455854596134756,57.455854596134756,57.338604506162795,57.455854596134756,57.338604506162795,57.455854596134756,57.338604506162795,57.57310468610671,57.338604506162795,57.338604506162795,57.338604506162795,57.455854596134756,57.69035477607869,57.69035477607869,57.455854596134756,57.57310468610671,57.57310468610671,57.69035477607869,57.455854596134756,57.69035477607869,57.455854596134756,57.69035477607869,57.338604506162795,57.69035477607869,57.338604506162795,57.57310468610671,57.57310468610671,57.57310468610671,57.57310468610671,57.338604506162795,57.57310468610671,57.57310468610671,57.69035477607869,57.455854596134756,57.455854596134756,57.455854596134756,57.338604506162795,57.338604506162795,57.455854596134756,57.455854596134756,57.57310468610671,57.338604506162795,57.69035477607869,57.455854596134756,57.57310468610671,57.69035477607869,57.69035477607869,57.69035477607869,57.69035477607869,57.338604506162795,57.338604506162795,57.57310468610671,57.455854596134756,57.69035477607869,57.455854596134756,57.57310468610671,57.455854596134756,57.57310468610671,57.69035477607869,57.69035477607869,57.455854596134756,57.338604506162795,57.69035477607869,57.338604506162795,57.455854596134756,57.338604506162795,57.57310468610671,57.57310468610671,57.455854596134756,57.338604506162795,57.69035477607869,57.338604506162795,57.57310468610671,57.69035477607869,57.69035477607869,57.455854596134756,57.455854596134756,57.455854596134756,57.57310468610671,57.57310468610671,57.69035477607869,57.455854596134756,57.69035477607869,57.338604506162795,57.338604506162795,57.69035477607869,57.69035477607869,57.455854596134756,57.338604506162795,57.455854596134756,57.455854596134756,57.455854596134756,57.69035477607869,57.57310468610671,57.57310468610671,57.338604506162795,57.338604506162795,57.338604506162795,57.57310468610671,57.455854596134756,57.69035477607869,57.69035477607869,57.338604506162795,57.69035477607869,57.338604506162795,57.455854596134756,57.57310468610671,57.69035477607869,57.57310468610671,57.338604506162795,57.455854596134756,57.338604506162795,57.69035477607869,57.69035477607869,57.69035477607869,57.338604506162795,57.57310468610671,57.57310468610671,57.338604506162795,57.69035477607869,57.57310468610671,57.57310468610671,57.455854596134756,57.57310468610671,57.455854596134756,57.338604506162795,57.69035477607869,57.69035477607869,57.57310468610671,57.455854596134756,57.57310468610671,57.57310468610671,57.57310468610671,57.455854596134756,57.57310468610671,57.57310468610671,57.69035477607869,57.69035477607869,57.455854596134756,57.338604506162795,57.455854596134756,57.57310468610671,57.455854596134756,57.57310468610671,57.57310468610671,57.338604506162795
57.51877766494668,57.397745314007885,57.397745314007885,57.27671296306909,57.27671296306909,57.51877766494668,57.51877766494668,57.51877766494668,57.397745314007885,57.397745314007885,57.27671296306909,57.639810015885494,57.397745314007885,57.27671296306909,57.639810015885494,57.397745314007885,57.397745314007885,57.51877766494668,57.51877766494668,57.27671296306909,57.397745314007885,57.51877766494668,57.51877766494668,57.397745314007885,57.51877766494668,57.639810015885494,57.639810015885494,57.27671296306909,57.51877766494668,57.51877766494668,57.397745314007885,57.397745314007885,57.27671296306909,57.397745314007885,57.27671296306909,57.51877766494668,57.27671296306909,57.639810015885494,57.397745314007885,57.51877766494668,57.27671296306909,57.27671296306909,57.639810015885494,57.51877766494668,57.51877766494668,57.51877766494668,57.51877766494668,57.397745314007885,57.51877766494668,57.639810015885494,57.27671296306909,57.51877766494668,57.397745314007885,57.51877766494668,57.639810015885494,57.51877766494668,57.51877766494668,57.51877766494668,57.639810015885494,57.397745314007885,57.397745314007885,57.27671296306909,57.639810015885494,57.639810015885494,57.51877766494668,57.639810015885494,57.397745314007885,57.51877766494668,57.397745314007885,57.51877766494668,57.397745314007885,57.397745314007885,57.51877766494668,57.27671296306909,57.639810015885494,57.639810015885494,57.397745314007885,57.639810015885494,57.397745314007885,57.397745314007885,57.51877766494668,57.397745314007885,57.27671296306909,57.397745314007885,57.639810015885494,57.397745314007885,57.51877766494668,57.51877766494668,57.397745314007885,57.639810015885494,57.27671296306909,57.51877766494668,57.27671296306909,57.397745314007885,57.51877766494668,57.397745314007885,57.397745314007885,57.397745314007885,57.397745314007885,57.51877766494668,57.27671296306909,57.639810015885494,57.27671296306909,57.397745314007885,57.397745314007885,57.27671296306909,57.51877766494668,57.639810015885494,57.51877766494668,57.27671296306909,57.51877766494668,57.27671296306909,57.639810015885494,57.397745314007885,57.27671296306909,57.639810015885494,57.639810015885494,57.51877766494668,57.51877766494668,57.397745314007885,57.639810015885494,57.51877766494668,57.27671296306909,57.51877766494668,57.397745314007885,57.397745314007885,57.27671296306909,57.51877766494668,57.27671296306909,57.51877766494668,57.397745314007885,57.397745314007885,57.51877766494668,57.27671296306909,57.51877766494668,57.397745314007885,57.639810015885494,57.639810015885494,57.51877766494668,57.51877766494668,57.397745314007885,57.27671296306909,57.397745314007885,57.51877766494668,57.27671296306909,57.397745314007885,57.27671296306909,57.639810015885494,57.397745314007885,57.639810015885494,57.397745314007885,57.639810015885494,57.51877766494668,57.397745314007885,57.27671296306909,57.397745314007885,57.639810015885494,57.27671296306909,57.27671296306909,57.397745314007885,57.27671296306909,57.639810015885494,57.397745314007885,57.397745314007885,57.27671296306909,57.397745314007885,57.397745314007885,57.27671296306909,57.397745314007885,57.397745314007885,57.27671296306909,57.27671296306909,57.27671296306909,57.27671296306909,57.27671296306909,57.27671296306909,57.639810015885494,57.51877766494668,57.27671296306909,57.397745314007885,57.397745314007885,57.639810015885494,57.27671296306909,57.27671296306909,57.51877766494668,57.27671296306909,57.51877766494668,57.397745314007885,57.27671296306909,57.397745314007885,57.51877766494668,57.51877766494668,57.397745314007885,57.27671296306909,57.51877766494668,57.27671296306909,57.397745314007885,57.639810015885494,57.639810015885494,57.27671296306909
57.33963603188103,57.33963603188103,57.464450643786655,57.33963603188103,57.21482141997538,57.21482141997538,57.58926525569229,57.21482141997538,57.464450643786655,57.33963603188103,57.33963603188103,57.33963603188103,57.58926525569229,57.58926525569229,57.21482141997538,57.58926525569229,57.33963603188103,57.33963603188103,57.33963603188103,57.58926525569229,57.464450643786655,57.33963603188103,57.33963603188103,57.21482141997538,57.58926525569229,57.21482141997538,57.464450643786655,57.464450643786655,57.21482141997538,57.464450643786655,57.464450643786655,57.33963603188103,57.33963603188103,57.58926525569229,57.58926525569229,57.58926525569229,57.33963603188103,57.58926525569229,57.33963603188103,57.33963603188103,57.33963603188103,57.21482141997538,57.33963603188103,57.33963603188103,57.21482141997538,57.58926525569229,57.464450643786655,57.464450643786655,57.21482141997538,57.33963603188103,57.33963603188103,57.58926525569229,57.21482141997538,57.464450643786655,57.33963603188103,57.21482141997538,57.58926525569229,57.464450643786655,57.464450643786655,57.464450643786655,57.464450643786655,57.464450643786655,57.21482141997538,57.21482141997538,57.58926525569229,57.58926525569229,57.33963603188103,57.33963603188103,57.58926525569229,57.58926525569229,57.58926525569229,57.464450643786655,57.464450643786655,57.58926525569229,57.21482141997538,57.464450643786655,57.21482141997538,57.21482141997538,57.33963603188103,57.58926525569229,57.33963603188103,57.58926525569229,57.33963603188103,57.21482141997538,57.21482141997538,57.58926525569229,57.21482141997538,57.21482141997538,57.464450643786655,57.33963603188103,57.58926525569229,57.21482141997538,57.58926525569229,57.21482141997538,57.33963603188103,57.21482141997538,57.464450643786655,57.33963603188103,57.33963603188103,57.58926525569229,57.58926525569229,57.464450643786655,57.33963603188103,57.21482141997538,57.464450643786655,57.33963603188103,57.464450643786655,57.58926525569229,57.58926525569229,57.33963603188103,57.464450643786655,57.21482141997538,57.21482141997538,57.21482141997538,57.21482141997538,57.58926525569229,57.464450643786655,57.58926525569229,57.21482141997538,57.21482141997538,57.21482141997538,57.33963603188103,57.21482141997538,57.464450643786655,57.21482141997538,57.464450643786655,57.58926525569229,57.33963603188103,57.21482141997538,57.21482141997538,57.58926525569229,57.464450643786655,57.21482141997538,57.33963603188103,57.21482141997538,57.33963603188103,57.58926525569229,57.33963603188103,57.33963603188103,57.33963603188103,57.464450643786655,57.33963603188103,57.58926525569229,57.33963603188103,57.21482141997538,57.464450643786655,57.21482141997538,57.58926525569229,57.464450643786655,57.33963603188103,57.58926525569229,57.58926525569229,57.21482141997538,57.464450643786655,57.21482141997538,57.33963603188103,57.58926525569229,57.21482141997538,57.33963603188103,57.58926525569229,57.33963603188103,57.21482141997538,57.464450643786655,57.58926525569229,57.464450643786655,57.33963603188103,57.33963603188103,57.464450643786655,57.58926525569229,57.464450643786655,57.33963603188103,57.21482141997538,57.21482141997538,57.33963603188103,57.33963603188103,57.33963603188103,57.33963603188103,57.464450643786655,57.21482141997538,57.33963603188103,57.21482141997538,57.21482141997538,57.21482141997538,57.464450643786655,57.33963603188103,57.33963603188103,57.21482141997538,57.33963603188103,57.464450643786655,57.464450643786655,57.464450643786655,57.464450643786655,57.33963603188103,57.33963603188103,57.33963603188103,57.21482141997538,57.21482141997538,57.464450643786655,57.33963603188103,57.21482141997538
57.41012362262663,57.41012362262663,57.41012362262663,57.152929876881664,57.152929876881664,57.28152674975415,57.5387204954991,57.41012362262663,57.28152674975415,57.41012362262663,57.41012362262663,57.5387204954991,57.152929876881664,57.152929876881664,57.5387204954991,57.5387204954991,57.5387204954991,57.5387204954991,57.5387204954991,57.28152674975415,57.5387204954991,57.41012362262663,57.5387204954991,57.28152674975415,57.28152674975415,57.28152674975415,57.41012362262663,57.41012362262663,57.152929876881664,57.41012362262663,57.28152674975415,57.41012362262663,57.41012362262663,57.5387204954991,57.152929876881664,57.41012362262663,57.41012362262663,57.5387204954991,57.28152674975415,57.28152674975415,57.152929876881664,57.152929876881664,57.5387204954991,57.152929876881664,57.152929876881664,57.28152674975415,57.152929876881664,57.28152674975415,57.41012362262663,57.152929876881664,57.41012362262663,57.28152674975415,57.5387204954991,57.28152674975415,57.5387204954991,57.41012362262663,57.28152674975415,57.5387204954991,57.28152674975415,57.152929876881664,57.41012362262663,57.5387204954991,57.41012362262663,57.5387204954991,57.152929876881664,57.28152674975415,57.5387204954991,57.152929876881664,57.41012362262663,57.28152674975415,57.28152674975415,57.28152674975415,57.28152674975415,57.41012362262663,57.28152674975415,57.28152674975415,57.152929876881664,57.152929876881664,57.5387204954991,57.28152674975415,57.152929876881664,57.5387204954991,57.28152674975415,57.41012362262663,57.5387204954991,57.5387204954991,57.41012362262663,57.5387204954991,57.41012362262663,57.152929876881664,57.5387204954991,57.41012362262663,57.152929876881664,57.5387204954991,57.5387204954991,57.28152674975415,57.28152674975415,57.28152674975415,57.28152674975415,57.28152674975415,57.152929876881664,57.5387204954991,57.152929876881664,57.28152674975415,57.152929876881664,57.41012362262663,57.41012362262663,57.152929876881664,57.28152674975415,57.152929876881664,57.28152674975415,57.5387204954991,57.152929876881664,57.5387204954991,57.5387204954991,57.152929876881664,57.41012362262663,57.5387204954991,57.152929876881664,57.28152674975415,57.152929876881664,57.5387204954991,57.152929876881664,57.5387204954991,57.5387204954991,57.41012362262663,57.152929876881664,57.41012362262663,57.152929876881664,57.41012362262663,57.5387204954991,57.41012362262663,57.152929876881664,57.152929876881664,57.152929876881664,57.152929876881664,57.5387204954991,57.152929876881664,57.28152674975415,57.28152674975415,57.152929876881664,57.28152674975415,57.41012362262663,57.41012362262663,57.41012362262663,57.5387204954991,57.28152674975415,57.28152674975415,57.28152674975415,57.5387204954991,57.152929876881664,57.5387204954991,57.28152674975415,57.5387204954991,57.28152674975415,57.41012362262663,57.28152674975415,57.41012362262663,57.28152674975415,57.28152674975415,57.5387204954991,57.5387204954991,57.41012362262663,57.152929876881664,57.41012362262663,57.28152674975415,57.5387204954991,57.5387204954991,57.28152674975415,57.41012362262663,57.5387204954991,57.152929876881664,57.41012362262663,57.28152674975415,57.28152674975415,57.28152674975415,57.152929876881664,57.28152674975415,57.28152674975415,57.152929876881664,57.5387204954991,57.152929876881664,57.41012362262663,57.28152674975415,57.5387204954991,57.41012362262663,57.152929876881664,57.5387204954991,57.28152674975415,57.41012362262663,57.152929876881664,57.41012362262663,57.5387204954991,57.28152674975415,57.28152674975415,57.41012362262663,57.5387204954991,57.28152674975415,57.28152674975415,57.28152674975415
57.3557966014666,57.09103833378797,57.22341746762728,57.09103833378797,57.09103833378797,57.09103833378797,57.22341746762728,57.3557966014666,57.488175735305916,57.3557966014666,57.488175735305916,57.3557966014666,57.488175735305916,57.3557966014666,57.488175735305916,57.22341746762728,57.488175735305916,57.488175735305916,57.3557966014666,57.3557966014666,57.488175735305916,57.488175735305916,57.09103833378797,57.488175735305916,57.09103833378797,57.22341746762728,57.488175735305916,57.22341746762728,57.3557966014666,57.488175735305916,57.22341746762728,57.488175735305916,57.22341746762728,57.22341746762728,57.488175735305916,57.22341746762728,57.09103833378797,57.22341746762728,57.22341746762728,57.22341746762728,57.3557966014666,57.22341746762728,57.488175735305916,57.09103833378797,57.22341746762728,57.488175735305916,57.09103833378797,57.09103833378797,57.488175735305916,57.22341746762728,57.488175735305916,57.488175735305916,57.22341746762728,57.3557966014666,57.3557966014666,57.488175735305916,57.3557966014666,57.22341746762728,57.3557966014666,57.22341746762728,57.3557966014666,57.488175735305916,57.22341746762728,57.22341746762728,57.09103833378797,57.09103833378797,57.22341746762728,57.09103833378797,57.488175735305916,57.09103833378797,57.488175735305916,57.22341746762728,57.3557966014666,57.3557966014666,57.09103833378797,57.22341746762728,57.3557966014666,57.3557966014666,57.22341746762728,57.488175735305916,57.3557966014666,57.488175735305916,57.22341746762728,57.22341746762728,57.22341746762728,57.488175735305916,57.3557966014666,57.22341746762728,57.3557966014666,57.488175735305916,57.09103833378797,57.22341746762728,57.488175735305916,57.488175735305916,57.22341746762728,57.3557966014666,57.488175735305916,57.488175735305916,57.09103833378797,57.22341746762728,57.488175735305916,57.488175735305916,57.09103833378797,57.488175735305916,57.22341746762728,57.22341746762728,57.09103833378797,57.22341746762728,57.22341746762728,57.3557966014666,57.3557966014666,57.3557966014666,57.09103833378797,57.09103833378797,57.488175735305916,57.488175735305916,57.3557966014666,57.488175735305916,57.09103833378797,57.09103833378797,57.09103833378797,57.3557966014666,57.3557966014666,57.09103833378797,57.22341746762728,57.3557966014666,57.488175735305916,57.488175735305916,57.488175735305916,57.488175735305916,57.3557966014666,57.488175735305916,57.488175735305916,57.22341746762728,57.09103833378797,57.22341746762728,57.3557966014666,57.488175735305916,57.488175735305916,57.488175735305916,57.22341746762728,57.3557966014666,57.3557966014666,57.22341746762728,57.3557966014666,57.3557966014666,57.09103833378797,57.3557966014666,57.3557966014666,57.22341746762728,57.22341746762728,57.09103833378797,57.22341746762728,57.22341746762728,57.488175735305916,57.488175735305916,57.488175735305916,57.488175735305916,57.22341746762728,57.09103833378797,57.3557966014666,57.22341746762728,57.09103833378797,57.488175735305916,57.3557966014666,57.22341746762728,57.3557966014666,57.488175735305916,57.22341746762728,57.488175735305916,57.22341746762728,57.488175735305916,57.22341746762728,57.22341746762728,57.3557966014666,57.22341746762728,57.488175735305916,57.488175735305916,57.3557966014666,57.488175735305916,57.22341746762728,57.488175735305916,57.3557966014666,57.22341746762728,57.488175735305916,57.22341746762728,57.22341746762728,57.09103833378797,57.09103833378797,57.3557966014666,57.09103833378797,57.488175735305916,57.09103833378797,57.09103833378797,57.09103833378797,57.3557966014666,57.09103833378797,57.09103833378797,57.3557966014666,57.22341746762728
57.43763097511272,57.43763097511272,57.02914679069426,57.43763097511272,57.30146958030657,57.30146958030657,57.43763097511272,57.30146958030657,57.30146958030657,57.16530818550041,57.02914679069426,57.02914679069426,57.30146958030657,57.16530818550041,57.02914679069426,57.02914679069426,57.30146958030657,57.30146958030657,57.16530818550041,57.16530818550041,57.02914679069426,57.43763097511272,57.16530818550041,57.02914679069426,57.30146958030657,57.30146958030657,57.30146958030657,57.30146958030657,57.02914679069426,57.43763097511272,57.30146958030657,57.16530818550041,57.16530818550041,57.43763097511272,57.43763097511272,57.43763097511272,57.02914679069426,57.30146958030657,57.43763097511272,57.30146958030657,57.43763097511272,57.30146958030657,57.30146958030657,57.16530818550041,57.02914679069426,57.43763097511272,57.30146958030657,57.16530818550041,57.43763097511272,57.16530818550041,57.16530818550041,57.30146958030657,57.02914679069426,57.02914679069426,57.16530818550041,57.43763097511272,57.43763097511272,57.02914679069426,57.30146958030657,57.30146958030657,57.30146958030657,57.16530818550041,57.02914679069426,57.43763097511272,57.43763097511272,57.16530818550041,57.16530818550041,57.43763097511272,57.30146958030657,57.02914679069426,57.30146958030657,57.02914679069426,57.16530818550041,57.02914679069426,57.02914679069426,57.43763097511272,57.02914679069426,57.30146958030657,57.16530818550041,57.30146958030657,57.43763097511272,57.02914679069426,57.43763097511272,57.43763097511272,57.30146958030657,57.02914679069426,57.02914679069426,57.43763097511272,57.02914679069426,57.16530818550041,57.16530818550041,57.30146958030657,57.30146958030657,57.30146958030657,57.30146958030657,57.43763097511272,57.30146958030657,57.02914679069426,57.30146958030657,57.43763097511272,57.16530818550041,57.30146958030657,57.02914679069426,57.43763097511272,57.30146958030657,57.43763097511272,57.02914679069426,57.02914679069426,57.43763097511272,57.02914679069426,57.43763097511272,57.16530818550041,57.30146958030657,57.16530818550041,57.43763097511272,57.30146958030657,57.02914679069426,57.30146958030657,57.30146958030657,57.43763097511272,57.16530818550041,57.43763097511272,57.43763097511272,57.43763097511272,57.02914679069426,57.30146958030657,57.16530818550041,57.02914679069426,57.16530818550041,57.30146958030657,57.43763097511272,57.30146958030657,57.43763097511272,57.43763097511272,57.43763097511272,57.30146958030657,57.43763097511272,57.43763097511272,57.16530818550041,57.02914679069426,57.43763097511272,57.16530818550041,57.02914679069426,57.02914679069426,57.43763097511272,57.16530818550041,57.16530818550041,57.02914679069426,57.43763097511272,57.30146958030657,57.02914679069426,57.30146958030657,57.16530818550041,57.43763097511272,57.16530818550041,57.02914679069426,57.30146958030657,57.16530818550041,57.02914679069426,57.30146958030657,57.16530818550041,57.30146958030657,57.16530818550041,57.30146958030657,57.43763097511272,57.30146958030657,57.02914679069426,57.16530818550041,57.43763097511272,57.02914679069426,57.30146958030657,57.16530818550041,57.02914679069426,57.16530818550041,57.16530818550041,57.16530818550041,57.43763097511272,57.43763097511272,57.02914679069426,57.43763097511272,57.30146958030657,57.30146958030657,57.30146958030657,57.02914679069426,57.43763097511272,57.16530818550041,57.02914679069426,57.43763097511272,57.16530818550041,57.30146958030657,57.16530818550041,57.16530818550041,57.02914679069426,57.30146958030657,57.16530818550041,57.30146958030657,57.16530818550041,57.43763097511272,57.16530818550041,57.30146958030657
57.38708621491953,56.967255247600555,56.967255247600555,56.967255247600555,57.24714255914654,57.24714255914654,57.10719890337354,57.38708621491953,57.10719890337354,57.24714255914654,57.38708621491953,57.24714255914654,57.10719890337354,57.10719890337354,56.967255247600555,57.24714255914654,57.24714255914654,57.24714255914654,57.38708621491953,57.10719890337354,57.24714255914654,57.38708621491953,57.38708621491953,57.38708621491953,57.38708621491953,57.38708621491953,56.967255247600555,57.24714255914654,56.967255247600555,57.10719890337354,56.967255247600555,56.967255247600555,57.10719890337354,56.967255247600555,57.10719890337354,57.38708621491953,57.38708621491953,57.24714255914654,57.38708621491953,57.38708621491953,56.967255247600555,56.967255247600555,57.38708621491953,57.10719890337354,57.38708621491953,56.967255247600555,57.10719890337354,57.10719890337354,57.10719890337354,57.24714255914654,57.10719890337354,57.10719890337354,57.10719890337354,57.24714255914654,57.10719890337354,56.967255247600555,56.967255247600555,57.38708621491953,57.24714255914654,56.967255247600555,56.967255247600555,56.967255247600555,56.967255247600555,56.967255247600555,57.24714255914654,56.967255247600555,56.967255247600555,57.24714255914654,56.967255247600555,56.967255247600555,57.10719890337354,57.24714255914654,57.10719890337354,56.967255247600555,56.967255247600555,57.38708621491953,57.10719890337354,57.24714255914654,56.967255247600555,57.24714255914654,57.38708621491953,57.24714255914654,56.967255247600555,57.24714255914654,57.10719890337354,57.24714255914654,57.38708621491953,57.38708621491953,57.24714255914654,57.38708621491953,56.967255247600555,57.24714255914654,57.24714255914654,56.967255247600555,56.967255247600555,57.24714255914654,57.24714255914654,57.24714255914654,56.967255247600555,57.24714255914654,56.967255247600555,57.10719890337354,57.38708621491953,57.38708621491953,56.967255247600555,56.967255247600555,56.967255247600555,56.967255247600555,56.967255247600555,57.38708621491953,57.10719890337354,57.10719890337354,57.10719890337354,57.10719890337354,57.24714255914654,57.24714255914654,57.10719890337354,57.38708621491953,56.967255247600555,57.10719890337354,57.10719890337354,56.967255247600555,57.24714255914654,57.24714255914654,57.24714255914654,57.24714255914654,57.24714255914654,56.967255247600555,57.10719890337354,57.24714255914654,56.967255247600555,57.38708621491953,56.967255247600555,57.38708621491953,57.24714255914654,57.38708621491953,57.38708621491953,57.10719890337354,57.10719890337354,57.10719890337354,57.10719890337354,56.967255247600555,57.24714255914654,57.38708621491953,57.10719890337354,56.967255247600555,57.10719890337354,56.967255247600555,56.967255247600555,57.24714255914654,57.24714255914654,56.967255247600555,57.10719890337354,57.24714255914654,56.967255247600555,56.967255247600555,57.38708621491953,57.38708621491953,57.10719890337354,57.38708621491953,57.24714255914654,57.10719890337354,57.38708621491953,57.38708621491953,56.967255247600555,57.24714255914654,56.967255247600555,57.10719890337354,56.967255247600555,56.967255247600555,57.10719890337354,57.10719890337354,57.10719890337354,57.24714255914654,57.10719890337354,57.24714255914654,57.10719890337354,56.967255247600555,57.24714255914654,56.967255247600555,57.38708621491953,56.967255247600555,57.10719890337354,57.38708621491953,56.967255247600555,57.38708621491953,56.967255247600555,57.10719890337354,56.967255247600555,57.24714255914654,56.967255247600555,57.10719890337354,57.10719890337354,57.38708621491953,56.967255247600555,56.967255247600555,57.24714255914654,56.967255247600555,56.967255247600555,57.10719890337354
57.04908962124667,57.33654145472633,57.192815537986505,57.33654145472633,56.905363704506854,56.905363704506854,57.192815537986505,56.905363704506854,57.04908962124667,57.192815537986505,57.04908962124667,56.905363704506854,57.04908962124667,57.192815537986505,57.192815537986505,57.33654145472633,57.04908962124667,57.04908962124667,57.192815537986505,57.33654145472633,57.192815537986505,57.04908962124667,57.33654145472633,57.04908962124667,57.192815537986505,56.905363704506854,56.905363704506854,57.33654145472633,57.04908962124667,57.04908962124667,57.04908962124667,56.905363704506854,57.33654145472633,57.04908962124667,57.33654145472633,57.192815537986505,57.192815537986505,57.192815537986505,57.33654145472633,57.192815537986505,57.04908962124667,57.04908962124667,57.33654145472633,57.04908962124667,56.905363704506854,57.33654145472633,56.905363704506854,57.33654145472633,57.33654145472633,57.04908962124667,57.04908962124667,57.192815537986505,57.04908962124667,57.04908962124667,57.33654145472633,57.192815537986505,57.04908962124667,57.04908962124667,57.33654145472633,57.192815537986505,56.905363704506854,57.192815537986505,57.04908962124667,57.04908962124667,57.33654145472633,57.04908962124667,56.905363704506854,56.905363704506854,57.04908962124667,57.192815537986505,56.905363704506854,56.905363704506854,57.192815537986505,57.192815537986505,57.192815537986505,57.33654145472633,56.905363704506854,57.04908962124667,57.192815537986505,57.192815537986505,57.33654145472633,56.905363704506854,57.192815537986505,57.192815537986505,57.192815537986505,57.192815537986505,57.192815537986505,57.04908962124667,57.33654145472633,57.04908962124667,57.33654145472633,57.33654145472633,57.04908962124667,57.04908962124667,56.905363704506854,56.905363704506854,56.905363704506854,57.04908962124667,57.33654145472633,57.33654145472633,57.33654145472633,57.04908962124667,57.192815537986505,57.04908962124667,57.192815537986505,57.33654145472633,57.33654145472633,57.04908962124667,57.192815537986505,57.33654145472633,57.04908962124667,57.04908962124667,57.33654145472633,57.33654145472633,57.192815537986505,57.33654145472633,57.33654145472633,56.905363704506854,56.905363704506854,57.192815537986505,57.192815537986505,57.04908962124667,56.905363704506854,57.192815537986505,57.192815537986505,57.192815537986505,57.33654145472633,57.33654145472633,57.33654145472633,57.33654145472633,57.33654145472633,56.905363704506854,56.905363704506854,57.04908962124667,57.33654145472633,57.04908962124667,57.04908962124667,57.192815537986505,57.04908962124667,57.04908962124667,56.905363704506854,57.04908962124667,57.04908962124667,57.192815537986505,57.33654145472633,57.33654145472633,57.04908962124667,57.192815537986505,57.192815537986505,57.04908962124667,57.04908962124667,57.192815537986505,57.33654145472633,57.04908962124667,57.04908962124667,57.04908962124667,56.905363704506854,57.192815537986505,56.905363704506854,57.33654145472633,57.192815537986505,57.192815537986505,56.905363704506854,57.192815537986505,57.192815537986505,57.192815537986505,57.04908962124667,56.905363704506854,57.192815537986505,57.33654145472633,57.192815537986505,56.905363704506854,57.04908962124667,57.33654145472633,56.905363704506854,57.04908962124667,57.192815537986505,56.905363704506854,57.04908962124667,57.04908962124667,57.04908962124667,57.192815537986505,56.905363704506854,57.33654145472633,57.04908962124667,57.33654145472633,57.04908962124667,57.192815537986505,57.33654145472633,57.192815537986505,57.192815537986505,57.33654145472633,57.192815537986505,57.192815537986505,57.33654145472633,56.905363704506854,57.04908962124667,56.905363704506854,57.33654145472633,56.905363704506854
56.84347216141313,56.990980339119815,57.13848851682647,56.84347216141313,56.990980339119815,57.28599669453315,57.13848851682647,57.28599669453315,56.84347216141313,56.990980339119815,56.84347216141313,56.990980339119815,56.990980339119815,56.84347216141313,57.28599669453315,57.28599669453315,56.84347216141313,57.13848851682647,56.84347216141313,57.13848851682647,56.84347216141313,56.84347216141313,56.990980339119815,56.84347216141313,56.990980339119815,57.28599669453315,57.28599669453315,57.28599669453315,56.84347216141313,57.28599669453315,56.84347216141313,56.84347216141313,57.28599669453315,57.28599669453315,56.990980339119815,57.28599669453315,57.13848851682647,57.28599669453315,56.990980339119815,57.28599669453315,57.28599669453315,57.13848851682647,56.84347216141313,56.84347216141313,56.990980339119815,56.990980339119815,57.13848851682647,56.84347216141313,56.990980339119815,57.28599669453315,56.990980339119815,57.28599669453315,57.13848851682647,56.84347216141313,57.13848851682647,57.28599669453315,57.28599669453315,57.13848851682647,57.28599669453315,56.84347216141313,56.84347216141313,57.13848851682647,56.84347216141313,57.28599669453315,57.13848851682647,56.990980339119815,56.990980339119815,57.13848851682647,57.13848851682647,56.84347216141313,57.28599669453315,56.84347216141313,56.84347216141313,57.28599669453315,56.990980339119815,57.28599669453315,56.84347216141313,56.990980339119815,56.990980339119815,57.28599669453315,56.990980339119815,56.84347216141313,56.84347216141313,57.28599669453315,56.990980339119815,57.13848851682647,57.28599669453315,57.28599669453315,56.84347216141313,56.84347216141313,56.990980339119815,56.990980339119815,56.990980339119815,57.13848851682647,57.28599669453315,57.13848851682647,57.13848851682647,56.84347216141313,57.28599669453315,56.990980339119815,57.28599669453315,56.990980339119815,57.13848851682647,57.28599669453315,57.13848851682647,56.990980339119815,57.13848851682647,57.13848851682647,57.13848851682647,57.28599669453315,56.990980339119815,56.84347216141313,56.990980339119815,56.990980339119815,56.84347216141313,57.28599669453315,57.28599669453315,56.84347216141313,56.84347216141313,56.990980339119815,57.13848851682647,57.13848851682647,56.990980339119815,57.28599669453315,56.990980339119815,57.28599669453315,56.990980339119815,56.84347216141313,56.990980339119815,56.84347216141313,56.84347216141313,56.84347216141313,56.990980339119815,56.990980339119815,57.28599669453315,57.28599669453315,57.28599669453315,56.84347216141313,56.84347216141313,56.84347216141313,56.84347216141313,57.28599669453315,57.28599669453315,56.84347216141313,57.13848851682647,57.28599669453315,57.28599669453315,57.28599669453315,56.990980339119815,57.13848851682647,57.28599669453315,57.28599669453315,56.990980339119815,57.13848851682647,56.990980339119815,56.84347216141313,56.84347216141313,56.84347216141313,57.13848851682647,56.84347216141313,56.990980339119815,57.28599669453315,56.84347216141313,56.84347216141313,56.84347216141313,56.84347216141313,56.990980339119815,57.13848851682647,56.84347216141313,56.990980339119815,56.84347216141313,56.84347216141313,57.13848851682647,57.28599669453315,56.990980339119815,56.84347216141313,57.13848851682647,57.13848851682647,57.13848851682647,57.13848851682647,57.13848851682647,56.84347216141313,57.28599669453315,56.990980339119815,57.13848851682647,56.84347216141313,56.84347216141313,56.990980339119815,57.13848851682647,57.13848851682647,57.28599669453315,57.28599669453315,56.990980339119815,57.28599669453315,57.13848851682647,56.84347216141313,57.13848851682647,57.13848851682647,56.990980339119815,57.28599669453315
56.78158061831944,57.235451934339956,56.78158061831944,56.78158061831944,56.93287105699294,56.78158061831944,57.235451934339956,56.93287105699294,56.78158061831944,56.78158061831944,57.235451934339956,56.93287105699294,57.08416149566644,56.78158061831944,56.78158061831944,56.78158061831944,56.78158061831944,56.78158061831944,57.235451934339956,57.08416149566644,56.93287105699294,57.08416149566644,56.78158061831944,56.93287105699294,56.93287105699294,57.08416149566644,56.78158061831944,57.235451934339956,56.78158061831944,56.93287105699294,57.235451934339956,57.235451934339956,57.08416149566644,56.78158061831944,57.235451934339956,57.08416149566644,56.78158061831944,57.235451934339956,57.235451934339956,56.78158061831944,57.235451934339956,57.08416149566644,57.235451934339956,57.235451934339956,56.93287105699294,57.08416149566644,57.235451934339956,56.78158061831944,57.235451934339956,56.78158061831944,57.235451934339956,57.08416149566644,57.235451934339956,56.78158061831944,56.93287105699294,57.235451934339956,57.235451934339956,56.78158061831944,56.78158061831944,56.93287105699294,56.93287105699294,57.08416149566644,56.93287105699294,56.93287105699294,57.08416149566644,56.93287105699294,57.08416149566644,56.78158061831944,56.78158061831944,57.235451934339956,56.78158061831944,57.235451934339956,56.78158061831944,56.78158061831944,56.93287105699294,57.08416149566644,56.78158061831944,56.78158061831944,57.235451934339956,56.93287105699294,57.08416149566644,56.93287105699294,57.235451934339956,56.78158061831944,56.93287105699294,56.78158061831944,56.93287105699294,56.93287105699294,57.235451934339956,56.78158061831944,56.93287105699294,57.08416149566644,57.08416149566644,56.93287105699294,57.235451934339956,57.235451934339956,56.93287105699294,56.78158061831944,57.235451934339956,56.93287105699294,56.78158061831944,57.08416149566644,56.93287105699294,57.235451934339956,57.08416149566644,57.235451934339956,56.93287105699294,57.235451934339956,56.78158061831944,57.235451934339956,57.08416149566644,56.78158061831944,57.08416149566644,56.93287105699294,56.78158061831944,57.235451934339956,57.235451934339956,56.78158061831944,56.78158061831944,56.78158061831944,57.235451934339956,57.08416149566644,57.08416149566644,56.78158061831944,57.235451934339956,56.78158061831944,56.93287105699294,57.235451934339956,57.235451934339956,56.93287105699294,57.08416149566644,57.235451934339956,57.08416149566644,57.235451934339956,57.08416149566644,56.93287105699294,56.93287105699294,56.78158061831944,57.235451934339956,57.08416149566644,56.78158061831944,56.93287105699294,57.08416149566644,57.08416149566644,56.78158061831944,57.08416149566644,57.235451934339956,56.78158061831944,56.93287105699294,57.08416149566644,57.08416149566644,57.08416149566644,57.08416149566644,57.235451934339956,57.08416149566644,56.93287105699294,57.08416149566644,56.93287105699294,56.78158061831944,57.08416149566644,57.235451934339956,57.235451934339956,56.78158061831944,57.235451934339956,56.93287105699294,57.235451934339956,56.93287105699294,56.78158061831944,56.93287105699294,56.78158061831944,56.78158061831944,57.08416149566644,57.08416149566644,57.235451934339956,57.08416149566644,56.78158061831944,57.08416149566644,56.78158061831944,57.235451934339956,56.78158061831944,57.235451934339956,56.78158061831944,56.93287105699294,57.235451934339956,57.235451934339956,57.08416149566644,57.08416149566644,57.235451934339956,56.93287105699294,57.235451934339956,56.93287105699294,57.235451934339956,57.235451934339956,56.93287105699294,56.93287105699294,56.93287105699294,56.93287105699294,57.235451934339956,56.93287105699294,56.78158061831944
57.029834474506416,57.18490717414676,56.71968907522573,56.71968907522573,57.029834474506416,57.18490717414676,56.874761774866066,57.18490717414676,56.71968907522573,57.18490717414676,56.874761774866066,57.18490717414676,56.71968907522573,56.874761774866066,56.71968907522573,56.874761774866066,57.18490717414676,57.029834474506416,56.874761774866066,57.029834474506416,56.71968907522573,57.18490717414676,57.029834474506416,57.029834474506416,56.71968907522573,57.18490717414676,57.029834474506416,56.874761774866066,56.71968907522573,56.874761774866066,56.874761774866066,56.874761774866066,56.874761774866066,57.029834474506416,57.18490717414676,56.874761774866066,56.874761774866066,57.18490717414676,57.18490717414676,57.029834474506416,56.874761774866066,56.874761774866066,57.18490717414676,57.029834474506416,57.029834474506416,57.18490717414676,57.18490717414676,57.18490717414676,56.874761774866066,57.029834474506416,57.029834474506416,56.71968907522573,56.874761774866066,56.71968907522573,57.029834474506416,56.71968907522573,57.18490717414676,56.71968907522573,57.18490717414676,57.029834474506416,56.71968907522573,57.029834474506416,56.874761774866066,56.71968907522573,57.18490717414676,57.029834474506416,57.18490717414676,57.029834474506416,57.029834474506416,56.71968907522573,56.71968907522573,56.71968907522573,57.029834474506416,57.029834474506416,57.18490717414676,57.029834474506416,57.18490717414676,56.874761774866066,57.029834474506416,56.71968907522573,57.18490717414676,57.18490717414676,56.71968907522573,56.874761774866066,56.71968907522573,56.874761774866066,56.71968907522573,57.18490717414676,56.874761774866066,57.029834474506416,56.71968907522573,56.71968907522573,56.874761774866066,56.874761774866066,56.71968907522573,56.71968907522573,57.029834474506416,57.18490717414676,57.029834474506416,56.71968907522573,56.874761774866066,56.874761774866066,57.029834474506416,57.18490717414676,56.874761774866066,57.029834474506416,56.874761774866066,57.029834474506416,57.18490717414676,56.71968907522573,56.71968907522573,56.874761774866066,57.18490717414676,57.029834474506416,57.18490717414676,57.029834474506416,57.18490717414676,57.029834474506416,56.874761774866066,57.18490717414676,56.71968907522573,57.029834474506416,57.029834474506416,56.874761774866066,56.874761774866066,57.029834474506416,57.18490717414676,56.71968907522573,56.71968907522573,56.71968907522573,56.71968907522573,56.71968907522573,57.18490717414676,56.71968907522573,56.874761774866066,57.029834474506416,56.874761774866066,57.029834474506416,56.71968907522573,57.18490717414676,57.029834474506416,56.874761774866066,56.874761774866066,56.874761774866066,57.18490717414676,57.029834474506416,57.029834474506416,56.71968907522573,57.18490717414676,57.029834474506416,56.874761774866066,56.874761774866066,56.71968907522573,57.18490717414676,56.71968907522573,56.874761774866066,56.71968907522573,56.71968907522573,57.18490717414676,56.874761774866066,57.029834474506416,56.71968907522573,57.029834474506416,57.029834474506416,56.71968907522573,56.71968907522573,57.18490717414676,57.18490717414676,57.18490717414676,57.18490717414676,56.71968907522573,56.874761774866066,56.874761774866066,56.874761774866066,56.71968907522573,57.18490717414676,56.71968907522573,57.029834474506416,57.18490717414676,57.029834474506416,56.71968907522573,56.71968907522573,56.874761774866066,57.029834474506416,56.874761774866066,57.18490717414676,57.18490717414676,57.18490717414676,56.71968907522573,56.874761774866066,56.874761774866066,56.874761774866066,56.71968907522573,56.71968907522573,57.029834474506416,57.18490717414676,56.71968907522573,57.029834474506416,57.029834474506416,56.874761774866066
56.65779753213202,56.97550745334639,56.65779753213202,56.97550745334639,56.816652492739195,57.13436241395357,57.13436241395357,56.816652492739195,56.97550745334639,56.97550745334639,57.13436241395357,56.816652492739195,57.13436241395357,56.97550745334639,57.13436241395357,56.816652492739195,56.816652492739195,56.816652492739195,56.97550745334639,56.816652492739195,56.65779753213202,56.65779753213202,56.65779753213202,56.97550745334639,56.816652492739195,56.65779753213202,56.65779753213202,56.816652492739195,57.13436241395357,56.97550745334639,57.13436241395357,56.65779753213202,56.816652492739195,56.816652492739195,56.97550745334639,57.13436241395357,56.816652492739195,56.816652492739195,56.97550745334639,56.65779753213202,57.13436241395357,57.13436241395357,56.816652492739195,56.816652492739195,56.97550745334639,56.97550745334639,56.816652492739195,57.13436241395357,56.97550745334639,56.816652492739195,56.97550745334639,57.13436241395357,56.65779753213202,56.97550745334639,57.13436241395357,56.65779753213202,56.816652492739195,56.65779753213202,56.65779753213202,56.97550745334639,56.816652492739195,56.97550745334639,56.816652492739195,56.816652492739195,57.13436241395357,56.65779753213202,57.13436241395357,56.97550745334639,56.816652492739195,57.13436241395357,56.97550745334639,57.13436241395357,56.65779753213202,56.816652492739195,56.65779753213202,56.816652492739195,57.13436241395357,56.816652492739195,56.65779753213202,56.97550745334639,56.816652492739195,56.816652492739195,56.816652492739195,56.65779753213202,56.65779753213202,56.816652492739195,57.13436241395357,57.13436241395357,56.97550745334639,56.816652492739195,56.65779753213202,56.816652492739195,56.97550745334639,57.13436241395357,57.13436241395357,56.816652492739195,56.816652492739195,56.65779753213202,56.816652492739195,56.816652492739195,56.97550745334639,56.97550745334639,56.97550745334639,57.13436241395357,56.97550745334639,56.97550745334639,57.13436241395357,56.65779753213202,56.97550745334639,56.816652492739195,57.13436241395357,56.816652492739195,56.816652492739195,56.97550745334639,57.13436241395357,56.97550745334639,56.816652492739195,56.816652492739195,57.13436241395357,56.816652492739195,56.816652492739195,56.816652492739195,57.13436241395357,56.816652492739195,56.65779753213202,56.97550745334639,56.816652492739195,56.97550745334639,57.13436241395357,56.97550745334639,57.13436241395357,57.13436241395357,56.816652492739195,57.13436241395357,56.65779753213202,56.97550745334639,56.816652492739195,57.13436241395357,56.816652492739195,56.65779753213202,56.816652492739195,57.13436241395357,56.97550745334639,57.13436241395357,56.65779753213202,56.816652492739195,56.65779753213202,57.13436241395357,56.65779753213202,56.816652492739195,56.65779753213202,56.97550745334639,56.816652492739195,56.65779753213202,57.13436241395357,56.65779753213202,56.816652492739195,56.97550745334639,57.13436241395357,57.13436241395357,56.816652492739195,56.816652492739195,56.97550745334639,57.13436241395357,56.97550745334639,57.13436241395357,56.816652492739195,56.816652492739195,56.97550745334639,56.65779753213202,57.13436241395357,56.65779753213202,56.97550745334639,56.97550745334639,56.816652492739195,56.816652492739195,56.65779753213202,57.13436241395357,57.13436241395357,56.816652492739195,56.65779753213202,57.13436241395357,56.97550745334639,56.65779753213202,56.65779753213202,56.65779753213202,57.13436241395357,56.816652492739195,57.13436241395357,56.97550745334639,56.97550745334639,56.816652492739195,56.816652492739195,56.97550745334639,56.816652492739195,57.13436241395357,56.816652492739195,56.816652492739195,56.65779753213202,56.97550745334639
56.92118043218636,57.08381765376036,56.59590598903832,57.08381765376036,56.92118043218636,56.59590598903832,56.75854321061233,56.92118043218636,57.08381765376036,56.59590598903832,57.08381765376036,56.59590598903832,56.92118043218636,56.59590598903832,56.75854321061233,56.75854321061233,56.75854321061233,56.59590598903832,57.08381765376036,56.75854321061233,56.92118043218636,56.75854321061233,57.08381765376036,56.75854321061233,56.75854321061233,56.75854321061233,56.92118043218636,56.59590598903832,56.75854321061233,57.08381765376036,56.92118043218636,56.59590598903832,56.92118043218636,56.59590598903832,56.92118043218636,56.59590598903832,56.59590598903832,57.08381765376036,57.08381765376036,57.08381765376036,56.92118043218636,56.92118043218636,56.59590598903832,57.08381765376036,56.59590598903832,56.75854321061233,56.75854321061233,56.92118043218636,56.92118043218636,56.92118043218636,56.75854321061233,57.08381765376036,57.08381765376036,56.92118043218636,57.08381765376036,56.92118043218636,56.92118043218636,56.59590598903832,57.08381765376036,56.75854321061233,56.92118043218636,57.08381765376036,57.08381765376036,56.75854321061233,57.08381765376036,56.92118043218636,56.75854321061233,56.92118043218636,56.92118043218636,56.92118043218636,57.08381765376036,56.59590598903832,56.75854321061233,56.92118043218636,57.08381765376036,56.59590598903832,56.92118043218636,56.75854321061233,56.75854321061233,56.59590598903832,56.92118043218636,56.92118043218636,56.59590598903832,56.75854321061233,56.75854321061233,56.92118043218636,56.92118043218636,56.75854321061233,56.59590598903832,57.08381765376036,56.75854321061233,56.75854321061233,56.59590598903832,56.92118043218636,56.75854321061233,56.92118043218636,57.08381765376036,56.92118043218636,57.08381765376036,56.75854321061233,56.75854321061233,56.59590598903832,57.08381765376036,56.92118043218636,56.75854321061233,57.08381765376036,56.75854321061233,56.75854321061233,57.08381765376036,56.92118043218636,57.08381765376036,57.08381765376036,57.08381765376036,56.59590598903832,57.08381765376036,57.08381765376036,57.08381765376036,57.08381765376036,56.75854321061233,57.08381765376036,56.59590598903832,56.59590598903832,57.08381765376036,56.59590598903832,57.08381765376036,57.08381765376036,56.59590598903832,56.92118043218636,56.92118043218636,56.59590598903832,56.75854321061233,57.08381765376036,57.08381765376036,57.08381765376036,57.08381765376036,57.08381765376036,56.59590598903832,56.75854321061233,56.92118043218636,57.08381765376036,56.59590598903832,56.59590598903832,56.75854321061233,56.92118043218636,56.59590598903832,56.75854321061233,56.59590598903832,56.75854321061233,56.75854321061233,56.92118043218636,56.92118043218636,56.75854321061233,56.59590598903832,56.75854321061233,57.08381765376036,56.59590598903832,56.59590598903832,56.59590598903832,56.92118043218636,56.75854321061233,56.92118043218636,56.92118043218636,57.08381765376036,56.59590598903832,56.92118043218636,56.59590598903832,56.92118043218636,56.92118043218636,56.59590598903832,56.92118043218636,56.75854321061233,56.92118043218636,56.92118043218636,57.08381765376036,56.75854321061233,56.59590598903832,56.59590598903832,56.92118043218636,56.92118043218636,56.75854321061233,56.75854321061233,56.59590598903832,56.92118043218636,56.75854321061233,56.92118043218636,56.59590598903832,56.59590598903832,56.59590598903832,56.75854321061233,56.92118043218636,57.08381765376036,57.08381765376036,56.75854321061233,56.59590598903832,56.92118043218636,57.08381765376036,56.75854321061233,56.59590598903832,57.08381765376036,56.75854321061233
56.86685341102633,57.03327289356718,56.5340144459446,56.86685341102633,56.70043392848546,57.03327289356718,56.70043392848546,56.5340144459446,56.5340144459446,57.03327289356718,56.86685341102633,56.86685341102633,56.5340144459446,57.03327289356718,56.5340144459446,56.86685341102633,56.70043392848546,57.03327289356718,56.86685341102633,56.70043392848546,56.86685341102633,56.86685341102633,56.70043392848546,56.5340144459446,56.70043392848546,56.86685341102633,56.86685341102633,56.70043392848546,56.86685341102633,56.70043392848546,56.70043392848546,57.03327289356718,56.70043392848546,57.03327289356718,56.5340144459446,56.86685341102633,57.03327289356718,57.03327289356718,57.03327289356718,57.03327289356718,56.70043392848546,56.70043392848546,56.86685341102633,57.03327289356718,56.86685341102633,57.03327289356718,56.86685341102633,56.70043392848546,56.5340144459446,56.70043392848546,56.5340144459446,57.03327289356718,56.86685341102633,56.70043392848546,56.5340144459446,56.5340144459446,56.86685341102633,56.86685341102633,56.70043392848546,56.5340144459446,56.70043392848546,56.70043392848546,56.70043392848546,56.86685341102633,56.86685341102633,56.5340144459446,56.5340144459446,57.03327289356718,56.86685341102633,56.70043392848546,57.03327289356718,57.03327289356718,56.86685341102633,56.5340144459446,56.70043392848546,57.03327289356718,56.5340144459446,56.86685341102633,56.70043392848546,57.03327289356718,57.03327289356718,56.70043392848546,57.03327289356718,56.86685341102633,57.03327289356718,56.5340144459446,57.03327289356718,56.86685341102633,56.5340144459446,56.5340144459446,56.70043392848546,56.5340144459446,56.5340144459446,56.5340144459446,56.70043392848546,56.70043392848546,56.70043392848546,56.86685341102633,56.70043392848546,56.86685341102633,56.86685341102633,56.70043392848546,57.03327289356718,56.5340144459446,56.86685341102633,57.03327289356718,56.5340144459446,56.70043392848546,57.03327289356718,56.86685341102633,56.5340144459446,57.03327289356718,57.03327289356718,56.5340144459446,56.70043392848546,56.5340144459446,56.86685341102633,56.70043392848546,56.86685341102633,56.70043392848546,56.86685341102633,56.86685341102633,57.03327289356718,57.03327289356718,56.86685341102633,56.86685341102633,56.5340144459446,56.5340144459446,56.5340144459446,56.70043392848546,56.86685341102633,56.86685341102633,56.5340144459446,57.03327289356718,56.70043392848546,56.70043392848546,56.70043392848546,56.86685341102633,56.86685341102633,57.03327289356718,56.86685341102633,56.70043392848546,56.5340144459446,56.5340144459446,57.03327289356718,56.86685341102633,56.5340144459446,57.03327289356718,56.5340144459446,57.03327289356718,56.70043392848546,56.70043392848546,56.86685341102633,56.5340144459446,56.5340144459446,56.5340144459446,57.03327289356718,56.5340144459446,56.86685341102633,57.03327289356718,56.86685341102633,56.70043392848546,56.70043392848546,57.03327289356718,56.5340144459446,56.70043392848546,57.03327289356718,56.86685341102633,56.5340144459446,57.03327289356718,56.86685341102633,56.86685341102633,56.86685341102633,56.70043392848546,56.5340144459446,57.03327289356718,56.5340144459446,57.03327289356718,56.5340144459446,57.03327289356718,56.5340144459446,56.70043392848546,56.70043392848546,56.5340144459446,56.70043392848546,56.5340144459446,56.86685341102633,56.86685341102633,56.5340144459446,57.03327289356718,56.70043392848546,56.86685341102633,56.70043392848546,56.70043392848546,56.70043392848546,57.03327289356718,57.03327289356718,56.70043392848546,56.70043392848546,56.5340144459446
56.98272813337398,56.6423246463586,56.472122902850906,56.81252638986629,56.6423246463586,56.6423246463586,56.98272813337398,56.472122902850906,56.6423246463586,56.81252638986629,56.81252638986629,56.98272813337398,56.98272813337398,56.98272813337398,56.98272813337398,56.472122902850906,56.6423246463586,56.98272813337398,56.472122902850906,56.98272813337398,56.81252638986629,56.98272813337398,56.6423246463586,56.98272813337398,56.472122902850906,56.6423246463586,56.6423246463586,56.81252638986629,56.472122902850906,56.98272813337398,56.6423246463586,56.472122902850906,56.472122902850906,56.472122902850906,56.472122902850906,56.98272813337398,56.6423246463586,56.6423246463586,56.98272813337398,56.6423246463586,56.81252638986629,56.98272813337398,56.98272813337398,56.6423246463586,56.81252638986629,56.81252638986629,56.81252638986629,56.6423246463586,56.81252638986629,56.81252638986629,56.472122902850906,56.81252638986629,56.472122902850906,56.98272813337398,56.98272813337398,56.98272813337398,56.6423246463586,56.98272813337398,56.81252638986629,56.472122902850906,56.98272813337398,56.81252638986629,56.6423246463586,56.472122902850906,56.6423246463586,56.472122902850906,56.98272813337398,56.81252638986629,56.81252638986629,56.472122902850906,56.472122902850906,56.6423246463586,56.472122902850906,56.6423246463586,56.81252638986629,56.6423246463586,56.98272813337398,56.81252638986629,56.472122902850906,56.6423246463586,56.472122902850906,56.98272813337398,56.98272813337398,56.81252638986629,56.6423246463586,56.6423246463586,56.472122902850906,56.6423246463586,56.472122902850906,56.472122902850906,56.472122902850906,56.98272813337398,56.6423246463586,56.6423246463586,56.81252638986629,56.472122902850906,56.6423246463586,56.6423246463586,56.472122902850906,56.6423246463586,56.472122902850906,56.6423246463586,56.81252638986629,56.98272813337398,56.98272813337398,56.6423246463586,56.81252638986629,56.6423246463586,56.472122902850906,56.6423246463586,56.6423246463586,56.81252638986629,56.472122902850906,56.98272813337398,56.6423246463586,56.98272813337398,56.98272813337398,56.6423246463586,56.472122902850906,56.6423246463586,56.472122902850906,56.472122902850906,56.6423246463586,56.472122902850906,56.81252638986629,56.98272813337398,56.6423246463586,56.81252638986629,56.81252638986629,56.98272813337398,56.6423246463586,56.98272813337398,56.81252638986629,56.98272813337398,56.472122902850906,56.472122902850906,56.6423246463586,56.81252638986629,56.98272813337398,56.81252638986629,56.6423246463586,56.81252638986629,56.472122902850906,56.98272813337398,56.98272813337398,56.472122902850906,56.6423246463586,56.6423246463586,56.81252638986629,56.81252638986629,56.6423246463586,56.81252638986629,56.81252638986629,56.6423246463586,56.98272813337398,56.81252638986629,56.6423246463586,56.472122902850906,56.81252638986629,56.6423246463586,56.6423246463586,56.6423246463586,56.98272813337398,56.98272813337398,56.81252638986629,56.472122902850906,56.98272813337398,56.81252638986629,56.472122902850906,56.98272813337398,56.6423246463586,56.81252638986629,56.98272813337398,56.6423246463586,56.6423246463586,56.472122902850906,56.6423246463586,56.472122902850906,56.472122902850906,56.6423246463586,56.98272813337398,56.472122902850906,56.6423246463586,56.98272813337398,56.98272813337398,56.6423246463586,56.6423246463586,56.98272813337398,56.472122902850906,56.98272813337398,56.81252638986629,56.98272813337398,56.81252638986629,56.472122902850906,56.98272813337398,56.98272813337398,56.98272813337398,56.472122902850906,56.472122902850906,56.98272813337398
56.93218337318078,56.758199368706265,56.758199368706265,56.758199368706265,56.93218337318078,56.58421536423174,56.93218337318078,56.758199368706265,56.93218337318078,56.410231359757205,56.410231359757205,56.758199368706265,56.410231359757205,56.758199368706265,56.758199368706265,56.410231359757205,56.410231359757205,56.58421536423174,56.410231359757205,56.93218337318078,56.410231359757205,56.58421536423174,56.58421536423174,56.58421536423174,56.758199368706265,56.58421536423174,56.758199368706265,56.58421536423174,56.410231359757205,56.410231359757205,56.93218337318078,56.758199368706265,56.410231359757205,56.758199368706265,56.410231359757205,56.58421536423174,56.58421536423174,56.410231359757205,56.410231359757205,56.58421536423174,56.58421536423174,56.758199368706265,56.58421536423174,56.58421536423174,56.758199368706265,56.758199368706265,56.58421536423174,56.758199368706265,56.410231359757205,56.758199368706265,56.758199368706265,56.758199368706265,56.758199368706265,56.58421536423174,56.93218337318078,56.410231359757205,56.58421536423174,56.410231359757205,56.93218337318078,56.410231359757205,56.93218337318078,56.410231359757205,56.758199368706265,56.758199368706265,56.410231359757205,56.410231359757205,56.758199368706265,56.93218337318078,56.93218337318078,56.58421536423174,56.93218337318078,56.758199368706265,56.58421536423174,56.410231359757205,56.410231359757205,56.410231359757205,56.93218337318078,56.93218337318078,56.58421536423174,56.410231359757205,56.58421536423174,56.758199368706265,56.410231359757205,56.58421536423174,56.758199368706265,56.758199368706265,56.93218337318078,56.758199368706265,56.410231359757205,56.93218337318078,56.758199368706265,56.758199368706265,56.58421536423174,56.758199368706265,56.58421536423174,56.93218337318078,56.758199368706265,56.58421536423174,56.410231359757205,56.410231359757205,56.758199368706265,56.758199368706265,56.58421536423174,56.410231359757205,56.93218337318078,56.758199368706265,56.758199368706265,56.93218337318078,56.410231359757205,56.410231359757205,56.58421536423174,56.758199368706265,56.58421536423174,56.58421536423174,56.58421536423174,56.93218337318078,56.93218337318078,56.93218337318078,56.410231359757205,56.93218337318078,56.58421536423174,56.93218337318078,56.410231359757205,56.410231359757205,56.58421536423174,56.93218337318078,56.410231359757205,56.410231359757205,56.410231359757205,56.758199368706265,56.758199368706265,56.758199368706265,56.93218337318078,56.58421536423174,56.58421536423174,56.93218337318078,56.58421536423174,56.93218337318078,56.58421536423174,56.58421536423174,56.58421536423174,56.758199368706265,56.93218337318078,56.93218337318078,56.410231359757205,56.58421536423174,56.93218337318078,56.93218337318078,56.58421536423174,56.758199368706265,56.58421536423174,56.93218337318078,56.758199368706265,56.758199368706265,56.58421536423174,56.93218337318078,56.410231359757205,56.93218337318078,56.410231359757205,56.758199368706265,56.758199368706265,56.410231359757205,56.758199368706265,56.758199368706265,56.410231359757205,56.93218337318078,56.93218337318078,56.758199368706265,56.93218337318078,56.58421536423174,56.93218337318078,56.410231359757205,56.758199368706265,56.410231359757205,56.93218337318078,56.410231359757205,56.93218337318078,56.93218337318078,56.410231359757205,56.410231359757205,56.410231359757205,56.758199368706265,56.93218337318078,56.58421536423174,56.58421536423174,56.93218337318078,56.93218337318078,56.58421536423174,56.410231359757205,56.758199368706265,56.58421536423174,56.410231359757205,56.93218337318078,56.410231359757205,56.93218337318078,56.410231359757205,56.58421536423174,56.93218337318078,56.758199368706265,56.58421536423174
56.52610608210487,56.3483398166635,56.3483398166635,56.88163861298759,56.3483398166635,56.88163861298759,56.3483398166635,56.70387234754622,56.52610608210487,56.88163861298759,56.88163861298759,56.88163861298759,56.52610608210487,56.88163861298759,56.3483398166635,56.70387234754622,56.3483398166635,56.70387234754622,56.70387234754622,56.3483398166635,56.52610608210487,56.88163861298759,56.88163861298759,56.88163861298759,56.88163861298759,56.52610608210487,56.70387234754622,56.70387234754622,56.3483398166635,56.52610608210487,56.52610608210487,56.3483398166635,56.70387234754622,56.3483398166635,56.88163861298759,56.88163861298759,56.3483398166635,56.3483398166635,56.70387234754622,56.88163861298759,56.3483398166635,56.52610608210487,56.70387234754622,56.88163861298759,56.88163861298759,56.70387234754622,56.52610608210487,56.3483398166635,56.70387234754622,56.3483398166635,56.52610608210487,56.70387234754622,56.3483398166635,56.88163861298759,56.70387234754622,56.52610608210487,56.70387234754622,56.88163861298759,56.88163861298759,56.70387234754622,56.70387234754622,56.88163861298759,56.3483398166635,56.3483398166635,56.52610608210487,56.52610608210487,56.3483398166635,56.52610608210487,56.70387234754622,56.88163861298759,56.52610608210487,56.52610608210487,56.52610608210487,56.70387234754622,56.88163861298759,56.88163861298759,56.70387234754622,56.88163861298759,56.88163861298759,56.88163861298759,56.70387234754622,56.88163861298759,56.70387234754622,56.88163861298759,56.52610608210487,56.3483398166635,56.88163861298759,56.88163861298759,56.3483398166635,56.88163861298759,56.70387234754622,56.70387234754622,56.3483398166635,56.88163861298759,56.52610608210487,56.52610608210487,56.70387234754622,56.3483398166635,56.70387234754622,56.88163861298759,56.70387234754622,56.52610608210487,56.3483398166635,56.70387234754622,56.52610608210487,56.88163861298759,56.52610608210487,56.52610608210487,56.52610608210487,56.88163861298759,56.88163861298759,56.70387234754622,56.3483398166635,56.52610608210487,56.52610608210487,56.3483398166635,56.3483398166635,56.52610608210487,56.52610608210487,56.52610608210487,56.88163861298759,56.70387234754622,56.52610608210487,56.88163861298759,56.70387234754622,56.52610608210487,56.52610608210487,56.70387234754622,56.52610608210487,56.3483398166635,56.52610608210487,56.70387234754622,56.70387234754622,56.52610608210487,56.70387234754622,56.88163861298759,56.70387234754622,56.70387234754622,56.52610608210487,56.88163861298759,56.52610608210487,56.70387234754622,56.52610608210487,56.52610608210487,56.88163861298759,56.52610608210487,56.88163861298759,56.88163861298759,56.52610608210487,56.88163861298759,56.3483398166635,56.88163861298759,56.88163861298759,56.52610608210487,56.70387234754622,56.88163861298759,56.88163861298759,56.70387234754622,56.70387234754622,56.52610608210487,56.52610608210487,56.70387234754622,56.3483398166635,56.52610608210487,56.88163861298759,56.88163861298759,56.88163861298759,56.3483398166635,56.52610608210487,56.70387234754622,56.3483398166635,56.88163861298759,56.3483398166635,56.70387234754622,56.88163861298759,56.52610608210487,56.3483398166635,56.70387234754622,56.88163861298759,56.52610608210487,56.3483398166635,56.88163861298759,56.88163861298759,56.70387234754622,56.52610608210487,56.88163861298759,56.88163861298759,56.3483398166635,56.70387234754622,56.70387234754622,56.3483398166635,56.3483398166635,56.88163861298759,56.88163861298759,56.70387234754622,56.88163861298759,56.52610608210487,56.88163861298759,56.52610608210487,56.88163861298759
56.8310938527944,56.46799679997798,56.46799679997798,56.8310938527944,56.8310938527944,56.8310938527944,56.46799679997798,56.8310938527944,56.46799679997798,56.28644827356979,56.46799679997798,56.28644827356979,56.28644827356979,56.64954532638619,56.28644827356979,56.46799679997798,56.28644827356979,56.8310938527944,56.64954532638619,56.64954532638619,56.46799679997798,56.64954532638619,56.28644827356979,56.8310938527944,56.8310938527944,56.64954532638619,56.46799679997798,56.8310938527944,56.64954532638619,56.8310938527944,56.64954532638619,56.8310938527944,56.8310938527944,56.28644827356979,56.28644827356979,56.8310938527944,56.64954532638619,56.8310938527944,56.28644827356979,56.8310938527944,56.8310938527944,56.28644827356979,56.8310938527944,56.28644827356979,56.28644827356979,56.8310938527944,56.8310938527944,56.8310938527944,56.28644827356979,56.28644827356979,56.46799679997798,56.64954532638619,56.64954532638619,56.46799679997798,56.64954532638619,56.46799679997798,56.8310938527944,56.8310938527944,56.8310938527944,56.8310938527944,56.28644827356979,56.8310938527944,56.28644827356979,56.64954532638619,56.46799679997798,56.46799679997798,56.8310938527944,56.8310938527944,56.28644827356979,56.8310938527944,56.28644827356979,56.8310938527944,56.28644827356979,56.28644827356979,56.46799679997798,56.8310938527944,56.8310938527944,56.28644827356979,56.28644827356979,56.46799679997798,56.28644827356979,56.28644827356979,56.8310938527944,56.28644827356979,56.64954532638619,56.46799679997798,56.28644827356979,56.28644827356979,56.46799679997798,56.46799679997798,56.64954532638619,56.46799679997798,56.28644827356979,56.64954532638619,56.8310938527944,56.28644827356979,56.46799679997798,56.8310938527944,56.28644827356979,56.8310938527944,56.28644827356979,56.64954532638619,56.64954532638619,56.8310938527944,56.28644827356979,56.46799679997798,56.64954532638619,56.64954532638619,56.46799679997798,56.28644827356979,56.46799679997798,56.8310938527944,56.8310938527944,56.64954532638619,56.46799679997798,56.8310938527944,56.64954532638619,56.64954532638619,56.64954532638619,56.64954532638619,56.46799679997798,56.64954532638619,56.28644827356979,56.8310938527944,56.8310938527944,56.8310938527944,56.64954532638619,56.8310938527944,56.46799679997798,56.8310938527944,56.8310938527944,56.64954532638619,56.64954532638619,56.46799679997798,56.64954532638619,56.46799679997798,56.28644827356979,56.28644827356979,56.46799679997798,56.64954532638619,56.46799679997798,56.64954532638619,56.28644827356979,56.8310938527944,56.8310938527944,56.46799679997798,56.28644827356979,56.8310938527944,56.46799679997798,56.64954532638619,56.64954532638619,56.28644827356979,56.64954532638619,56.8310938527944,56.8310938527944,56.28644827356979,56.28644827356979,56.28644827356979,56.64954532638619,56.8310938527944,56.64954532638619,56.46799679997798,56.64954532638619,56.46799679997798,56.8310938527944,56.64954532638619,56.28644827356979,56.64954532638619,56.28644827356979,56.64954532638619,56.28644827356979,56.46799679997798,56.64954532638619,56.28644827356979,56.46799679997798,56.46799679997798,56.46799679997798,56.46799679997798,56.28644827356979,56.64954532638619,56.8310938527944,56.46799679997798,56.46799679997798,56.64954532638619,56.8310938527944,56.46799679997798,56.28644827356979,56.8310938527944,56.28644827356979,56.8310938527944,56.64954532638619,56.28644827356979,56.46799679997798,56.64954532638619,56.64954532638619,56.64954532638619,56.28644827356979,56.28644827356979,56.8310938527944,56.46799679997798
56.595218305226155,56.224556730476074,56.595218305226155,56.780549092601206,56.40988751785112,56.780549092601206,56.224556730476074,56.224556730476074,56.40988751785112,56.595218305226155,56.780549092601206,56.595218305226155,56.595218305226155,56.224556730476074,56.40988751785112,56.595218305226155,56.40988751785112,56.40988751785112,56.40988751785112,56.595218305226155,56.224556730476074,56.224556730476074,56.40988751785112,56.224556730476074,56.780549092601206,56.780549092601206,56.595218305226155,56.224556730476074,56.40988751785112,56.224556730476074,56.40988751785112,56.780549092601206,56.40988751785112,56.224556730476074,56.595218305226155,56.595218305226155,56.40988751785112,56.780549092601206,56.780549092601206,56.40988751785112,56.595218305226155,56.224556730476074,56.780549092601206,56.40988751785112,56.780549092601206,56.595218305226155,56.224556730476074,56.780549092601206,56.780549092601206,56.224556730476074,56.780549092601206,56.40988751785112,56.595218305226155,56.595218305226155,56.780549092601206,56.595218305226155,56.595218305226155,56.224556730476074,56.224556730476074,56.595218305226155,56.224556730476074,56.40988751785112,56.780549092601206,56.40988751785112,56.595218305226155,56.780549092601206,56.224556730476074,56.224556730476074,56.780549092601206,56.40988751785112,56.224556730476074,56.595218305226155,56.780549092601206,56.40988751785112,56.40988751785112,56.780549092601206,56.40988751785112,56.40988751785112,56.40988751785112,56.595218305226155,56.595218305226155,56.40988751785112,56.780549092601206,56.224556730476074,56.595218305226155,56.40988751785112,56.595218305226155,56.224556730476074,56.40988751785112,56.780549092601206,56.780549092601206,56.224556730476074,56.595218305226155,56.780549092601206,56.595218305226155,56.224556730476074,56.40988751785112,56.40988751785112,56.224556730476074,56.40988751785112,56.40988751785112,56.780549092601206,56.595218305226155,56.224556730476074,56.780549092601206,56.780549092601206,56.224556730476074,56.595218305226155,56.224556730476074,56.780549092601206,56.224556730476074,56.40988751785112,56.780549092601206,56.595218305226155,56.595218305226155,56.780549092601206,56.224556730476074,56.224556730476074,56.595218305226155,56.224556730476074,56.40988751785112,56.780549092601206,56.224556730476074,56.780549092601206,56.595218305226155,56.40988751785112,56.780549092601206,56.224556730476074,56.224556730476074,56.224556730476074,56.40988751785112,56.224556730476074,56.40988751785112,56.224556730476074,56.40988751785112,56.224556730476074,56.224556730476074,56.40988751785112,56.780549092601206,56.780549092601206,56.224556730476074,56.595218305226155,56.780549092601206,56.40988751785112,56.40988751785112,56.780549092601206,56.595218305226155,56.780549092601206,56.780549092601206,56.224556730476074,56.595218305226155,56.40988751785112,56.780549092601206,56.780549092601206,56.595218305226155,56.595218305226155,56.224556730476074,56.40988751785112,56.224556730476074,56.780549092601206,56.595218305226155,56.595218305226155,56.780549092601206,56.224556730476074,56.224556730476074,56.40988751785112,56.595218305226155,56.40988751785112,56.224556730476074,56.780549092601206,56.780549092601206,56.40988751785112,56.780549092601206,56.40988751785112,56.40988751785112,56.224556730476074,56.224556730476074,56.780549092601206,56.780549092601206,56.595218305226155,56.780549092601206,56.595218305226155,56.595218305226155,56.40988751785112,56.40988751785112,56.595218305226155,56.40988751785112,56.40988751785112,56.40988751785112,56.40988751785112,56.595218305226155,56.780549092601206,56.780549092601206,56.40988751785112,56.780549092601206,56.224556730476074,56.595218305226155,56.595218305226155,56.780549092601206,56.780549092601206
56.54089128406613,56.35177823572426,56.35177823572426,56.16266518738237,56.730004332408015,56.54089128406613,56.54089128406613,56.730004332408015,56.54089128406613,56.730004332408015,56.54089128406613,56.730004332408015,56.16266518738237,56.730004332408015,56.54089128406613,56.54089128406613,56.54089128406613,56.35177823572426,56.54089128406613,56.54089128406613,56.54089128406613,56.35177823572426,56.730004332408015,56.54089128406613,56.730004332408015,56.35177823572426,56.54089128406613,56.54089128406613,56.730004332408015,56.730004332408015,56.730004332408015,56.35177823572426,56.16266518738237,56.16266518738237,56.35177823572426,56.730004332408015,56.54089128406613,56.16266518738237,56.16266518738237,56.16266518738237,56.730004332408015,56.16266518738237,56.730004332408015,56.35177823572426,56.730004332408015,56.54089128406613,56.35177823572426,56.54089128406613,56.16266518738237,56.16266518738237,56.35177823572426,56.35177823572426,56.730004332408015,56.54089128406613,56.16266518738237,56.16266518738237,56.35177823572426,56.730004332408015,56.35177823572426,56.730004332408015,56.16266518738237,56.54089128406613,56.35177823572426,56.16266518738237,56.16266518738237,56.730004332408015,56.730004332408015,56.16266518738237,56.16266518738237,56.35177823572426,56.730004332408015,56.730004332408015,56.54089128406613,56.35177823572426,56.54089128406613,56.35177823572426,56.16266518738237,56.35177823572426,56.730004332408015,56.35177823572426,56.35177823572426,56.16266518738237,56.35177823572426,56.16266518738237,56.16266518738237,56.730004332408015,56.54089128406613,56.35177823572426,56.730004332408015,56.730004332408015,56.730004332408015,56.54089128406613,56.54089128406613,56.54089128406613,56.730004332408015,56.730004332408015,56.35177823572426,56.730004332408015,56.16266518738237,56.54089128406613,56.730004332408015,56.730004332408015,56.35177823572426,56.54089128406613,56.730004332408015,56.16266518738237,56.54089128406613,56.730004332408015,56.16266518738237,56.730004332408015,56.730004332408015,56.54089128406613,56.16266518738237,56.16266518738237,56.54089128406613,56.54089128406613,56.54089128406613,56.35177823572426,56.35177823572426,56.16266518738237,56.730004332408015,56.54089128406613,56.54089128406613,56.35177823572426,56.54089128406613,56.54089128406613,56.16266518738237,56.54089128406613,56.35177823572426,56.730004332408015,56.54089128406613,56.54089128406613,56.730004332408015,56.54089128406613,56.35177823572426,56.35177823572426,56.35177823572426,56.730004332408015,56.54089128406613,56.35177823572426,56.730004332408015,56.54089128406613,56.730004332408015,56.16266518738237,56.54089128406613,56.730004332408015,56.54089128406613,56.54089128406613,56.54089128406613,56.35177823572426,56.730004332408015,56.35177823572426,56.16266518738237,56.54089128406613,56.16266518738237,56.16266518738237,56.54089128406613,56.35177823572426,56.730004332408015,56.730004332408015,56.730004332408015,56.54089128406613,56.35177823572426,56.35177823572426,56.35177823572426,56.16266518738237,56.16266518738237,56.730004332408015,56.730004332408015,56.54089128406613,56.54089128406613,56.16266518738237,56.35177823572426,56.35177823572426,56.16266518738237,56.16266518738237,56.35177823572426,56.730004332408015,56.730004332408015,56.730004332408015,56.35177823572426,56.16266518738237,56.16266518738237,56.35177823572426,56.35177823572426,56.16266518738237,56.54089128406613,56.35177823572426,56.54089128406613,56.730004332408015,56.730004332408015,56.54089128406613,56.54089128406613,56.54089128406613,56.54089128406613,56.35177823572426,56.16266518738237,56.35177823572426,56.54089128406613,56.35177823572426
56.67945957221482,56.10077364428867,56.4865642629061,56.4865642629061,56.4865642629061,56.4865642629061,56.10077364428867,56.67945957221482,56.10077364428867,56.10077364428867,56.4865642629061,56.10077364428867,56.10077364428867,56.29366895359739,56.4865642629061,56.4865642629061,56.4865642629061,56.10077364428867,56.4865642629061,56.67945957221482,56.29366895359739,56.10077364428867,56.67945957221482,56.29366895359739,56.10077364428867,56.10077364428867,56.4865642629061,56.67945957221482,56.10077364428867,56.67945957221482,56.29366895359739,56.67945957221482,56.29366895359739,56.10077364428867,56.67945957221482,56.29366895359739,56.4865642629061,56.29366895359739,56.4865642629061,56.29366895359739,56.4865642629061,56.67945957221482,56.10077364428867,56.29366895359739,56.67945957221482,56.10077364428867,56.67945957221482,56.10077364428867,56.4865642629061,56.10077364428867,56.10077364428867,56.10077364428867,56.67945957221482,56.29366895359739,56.29366895359739,56.67945957221482,56.4865642629061,56.10077364428867,56.29366895359739,56.67945957221482,56.67945957221482,56.67945957221482,56.4865642629061,56.4865642629061,56.10077364428867,56.29366895359739,56.10077364428867,56.29366895359739,56.29366895359739,56.29366895359739,56.67945957221482,56.4865642629061,56.29366895359739,56.10077364428867,56.10077364428867,56.67945957221482,56.29366895359739,56.4865642629061,56.4865642629061,56.10077364428867,56.10077364428867,56.67945957221482,56.4865642629061,56.10077364428867,56.10077364428867,56.4865642629061,56.10077364428867,56.10077364428867,56.10077364428867,56.29366895359739,56.4865642629061,56.10077364428867,56.67945957221482,56.10077364428867,56.4865642629061,56.67945957221482,56.4865642629061,56.67945957221482,56.4865642629061,56.4865642629061,56.67945957221482,56.10077364428867,56.10077364428867,56.4865642629061,56.10077364428867,56.10077364428867,56.10077364428867,56.67945957221482,56.29366895359739,56.67945957221482,56.10077364428867,56.10077364428867,56.29366895359739,56.29366895359739,56.10077364428867,56.4865642629061,56.10077364428867,56.29366895359739,56.29366895359739,56.10077364428867,56.29366895359739,56.10077364428867,56.67945957221482,56.29366895359739,56.67945957221482,56.4865642629061,56.67945957221482,56.4865642629061,56.29366895359739,56.29366895359739,56.67945957221482,56.29366895359739,56.67945957221482,56.10077364428867,56.67945957221482,56.4865642629061,56.10077364428867,56.67945957221482,56.4865642629061,56.4865642629061,56.10077364428867,56.4865642629061,56.10077364428867,56.67945957221482,56.10077364428867,56.29366895359739,56.4865642629061,56.10077364428867,56.67945957221482,56.29366895359739,56.10077364428867,56.29366895359739,56.67945957221482,56.29366895359739,56.4865642629061,56.10077364428867,56.29366895359739,56.10077364428867,56.67945957221482,56.4865642629061,56.4865642629061,56.4865642629061,56.29366895359739,56.10077364428867,56.67945957221482,56.4865642629061,56.4865642629061,56.29366895359739,56.4865642629061,56.67945957221482,56.10077364428867,56.29366895359739,56.4865642629061,56.4865642629061,56.4865642629061,56.29366895359739,56.10077364428867,56.29366895359739,56.10077364428867,56.29366895359739,56.4865642629061,56.67945957221482,56.4865642629061,56.29366895359739,56.29366895359739,56.4865642629061,56.10077364428867,56.4865642629061,56.4865642629061,56.67945957221482,56.4865642629061,56.29366895359739,56.29366895359739,56.67945957221482,56.67945957221482,56.4865642629061,56.4865642629061,56.67945957221482,56.4865642629061,56.10077364428867
56.628914812021634,56.628914812021634,56.235559671470526,56.235559671470526,56.235559671470526,56.235559671470526,56.235559671470526,56.235559671470526,56.235559671470526,56.628914812021634,56.235559671470526,56.235559671470526,56.235559671470526,56.038882101194964,56.235559671470526,56.038882101194964,56.43223724174607,56.235559671470526,56.43223724174607,56.235559671470526,56.038882101194964,56.43223724174607,56.038882101194964,56.628914812021634,56.235559671470526,56.628914812021634,56.235559671470526,56.038882101194964,56.235559671470526,56.43223724174607,56.628914812021634,56.038882101194964,56.235559671470526,56.628914812021634,56.628914812021634,56.235559671470526,56.038882101194964,56.628914812021634,56.038882101194964,56.43223724174607,56.038882101194964,56.43223724174607,56.038882101194964,56.038882101194964,56.43223724174607,56.43223724174607,56.628914812021634,56.628914812021634,56.038882101194964,56.235559671470526,56.038882101194964,56.628914812021634,56.235559671470526,56.628914812021634,56.235559671470526,56.235559671470526,56.235559671470526,56.038882101194964,56.628914812021634,56.628914812021634,56.43223724174607,56.038882101194964,56.628914812021634,56.038882101194964,56.628914812021634,56.235559671470526,56.628914812021634,56.628914812021634,56.628914812021634,56.43223724174607,56.628914812021634,56.628914812021634,56.628914812021634,56.235559671470526,56.43223724174607,56.038882101194964,56.038882101194964,56.628914812021634,56.43223724174607,56.038882101194964,56.43223724174607,56.628914812021634,56.43223724174607,56.43223724174607,56.235559671470526,56.43223724174607,56.038882101194964,56.235559671470526,56.235559671470526,56.43223724174607,56.235559671470526,56.038882101194964,56.628914812021634,56.628914812021634,56.038882101194964,56.235559671470526,56.43223724174607,56.038882101194964,56.038882101194964,56.235559671470526,56.038882101194964,56.038882101194964,56.038882101194964,56.235559671470526,56.235559671470526,56.43223724174607,56.628914812021634,56.628914812021634,56.43223724174607,56.235559671470526,56.628914812021634,56.43223724174607,56.43223724174607,56.628914812021634,56.43223724174607,56.43223724174607,56.43223724174607,56.038882101194964,56.235559671470526,56.628914812021634,56.235559671470526,56.628914812021634,56.43223724174607,56.628914812021634,56.235559671470526,56.235559671470526,56.628914812021634,56.235559671470526,56.235559671470526,56.038882101194964,56.43223724174607,56.235559671470526,56.038882101194964,56.038882101194964,56.628914812021634,56.628914812021634,56.235559671470526,56.038882101194964,56.038882101194964,56.43223724174607,56.43223724174607,56.628914812021634,56.43223724174607,56.628914812021634,56.628914812021634,56.038882101194964,56.038882101194964,56.628914812021634,56.038882101194964,56.43223724174607,56.235559671470526,56.235559671470526,56.43223724174607,56.43223724174607,56.235559671470526,56.628914812021634,56.628914812021634,56.628914812021634,56.628914812021634,56.235559671470526,56.038882101194964,56.038882101194964,56.235559671470526,56.628914812021634,56.038882101194964,56.43223724174607,56.038882101194964,56.43223724174607,56.235559671470526,56.038882101194964,56.43223724174607,56.43223724174607,56.43223724174607,56.628914812021634,56.628914812021634,56.43223724174607,56.43223724174607,56.235559671470526,56.628914812021634,56.235559671470526,56.235559671470526,56.235559671470526,56.038882101194964,56.038882101194964,56.038882101194964,56.628914812021634,56.038882101194964,56.43223724174607,56.628914812021634,56.628914812021634,56.038882101194964,56.43223724174607,56.628914812021634,56.43223724174607,56.43223724174607,56.43223724174607,56.235559671470526,56.43223724174607,56.038882101194964,56.235559671470526
56.177450389343655,55.97699055810126,56.177450389343655,56.57837005182844,56.177450389343655,55.97699055810126,56.57837005182844,55.97699055810126,56.177450389343655,56.57837005182844,56.377910220586045,56.57837005182844,56.177450389343655,56.57837005182844,55.97699055810126,56.177450389343655,56.177450389343655,56.57837005182844,56.377910220586045,56.377910220586045,55.97699055810126,56.377910220586045,56.57837005182844,56.177450389343655,55.97699055810126,56.377910220586045,55.97699055810126,56.57837005182844,56.177450389343655,56.57837005182844,56.57837005182844,55.97699055810126,56.377910220586045,56.177450389343655,56.177450389343655,56.57837005182844,56.57837005182844,55.97699055810126,56.57837005182844,55.97699055810126,56.177450389343655,56.57837005182844,56.57837005182844,56.57837005182844,56.377910220586045,56.177450389343655,55.97699055810126,56.57837005182844,56.177450389343655,55.97699055810126,55.97699055810126,56.57837005182844,56.57837005182844,56.57837005182844,56.377910220586045,56.377910220586045,56.377910220586045,56.377910220586045,55.97699055810126,55.97699055810126,56.377910220586045,56.57837005182844,56.57837005182844,56.177450389343655,56.57837005182844,56.177450389343655,55.97699055810126,56.377910220586045,56.57837005182844,56.377910220586045,55.97699055810126,56.57837005182844,56.177450389343655,56.57837005182844,56.177450389343655,56.377910220586045,56.377910220586045,56.177450389343655,56.177450389343655,56.57837005182844,55.97699055810126,56.57837005182844,56.377910220586045,55.97699055810126,56.177450389343655,56.377910220586045,56.377910220586045,56.377910220586045,56.57837005182844,56.57837005182844,56.177450389343655,55.97699055810126,56.377910220586045,56.57837005182844,56.177450389343655,56.377910220586045,56.57837005182844,56.57837005182844,56.57837005182844,55.97699055810126,56.57837005182844,55.97699055810126,55.97699055810126,56.177450389343655,56.177450389343655,56.177450389343655,56.377910220586045,55.97699055810126,56.57837005182844,56.177450389343655,56.177450389343655,56.57837005182844,56.377910220586045,56.57837005182844,56.377910220586045,55.97699055810126,55.97699055810126,55.97699055810126,56.377910220586045,56.377910220586045,56.57837005182844,56.377910220586045,56.177450389343655,56.377910220586045,56.177450389343655,56.57837005182844,56.57837005182844,56.377910220586045,56.377910220586045,56.177450389343655,56.177450389343655,56.57837005182844,56.57837005182844,56.57837005182844,55.97699055810126,56.57837005182844,56.377910220586045,56.377910220586045,56.377910220586045,56.377910220586045,56.57837005182844,56.177450389343655,56.377910220586045,56.377910220586045,55.97699055810126,55.97699055810126,56.57837005182844,55.97699055810126,56.57837005182844,56.177450389343655,56.177450389343655,56.57837005182844,56.177450389343655,55.97699055810126,56.177450389343655,56.57837005182844,56.57837005182844,56.377910220586045,56.57837005182844,56.377910220586045,56.377910220586045,55.97699055810126,56.57837005182844,56.377910220586045,56.57837005182844,55.97699055810126,55.97699055810126,56.57837005182844,56.377910220586045,55.97699055810126,56.377910220586045,56.377910220586045,56.377910220586045,56.177450389343655,55.97699055810126,56.377910220586045,56.57837005182844,56.377910220586045,56.57837005182844,56.377910220586045,55.97699055810126,56.57837005182844,56.377910220586045,56.57837005182844,56.377910220586045,56.377910220586045,56.177450389343655,56.177450389343655,55.97699055810126,56.377910220586045,55.97699055810126,56.377910220586045,56.377910220586045,56.57837005182844,56.377910220586045,56.57837005182844,56.177450389343655,56.377910220586045,55.97699055810126,56.57837005182844
55.91509901500754,55.91509901500754,56.32358319942601,55.91509901500754,56.527825291635246,55.91509901500754,56.527825291635246,56.32358319942601,55.91509901500754,56.32358319942601,56.11934110721677,56.527825291635246,56.11934110721677,56.11934110721677,56.11934110721677,56.32358319942601,56.11934110721677,55.91509901500754,56.32358319942601,56.32358319942601,56.527825291635246,56.32358319942601,55.91509901500754,56.11934110721677,56.32358319942601,56.11934110721677,55.91509901500754,56.11934110721677,56.11934110721677,56.32358319942601,55.91509901500754,56.527825291635246,55.91509901500754,56.11934110721677,55.91509901500754,56.527825291635246,56.11934110721677,56.11934110721677,56.32358319942601,56.527825291635246,56.527825291635246,55.91509901500754,56.32358319942601,56.11934110721677,55.91509901500754,56.11934110721677,56.527825291635246,56.527825291635246,56.11934110721677,56.32358319942601,56.11934110721677,56.32358319942601,56.527825291635246,56.32358319942601,56.11934110721677,55.91509901500754,56.527825291635246,55.91509901500754,56.527825291635246,55.91509901500754,55.91509901500754,55.91509901500754,56.11934110721677,56.527825291635246,55.91509901500754,56.11934110721677,55.91509901500754,56.32358319942601,56.32358319942601,56.527825291635246,56.527825291635246,56.527825291635246,55.91509901500754,56.11934110721677,56.11934110721677,56.527825291635246,56.11934110721677,56.11934110721677,56.527825291635246,55.91509901500754,56.32358319942601,56.32358319942601,56.11934110721677,56.32358319942601,56.527825291635246,55.91509901500754,56.11934110721677,55.91509901500754,56.32358319942601,55.91509901500754,56.11934110721677,55.91509901500754,56.32358319942601,56.11934110721677,56.527825291635246,56.32358319942601,55.91509901500754,56.527825291635246,56.11934110721677,56.11934110721677,56.527825291635246,56.11934110721677,56.32358319942601,56.11934110721677,55.91509901500754,55.91509901500754,56.527825291635246,56.11934110721677,56.527825291635246,55.91509901500754,56.11934110721677,56.32358319942601,56.32358319942601,55.91509901500754,56.527825291635246,56.527825291635246,56.32358319942601,56.527825291635246,56.11934110721677,56.32358319942601,56.32358319942601,56.527825291635246,55.91509901500754,55.91509901500754,56.32358319942601,56.32358319942601,55.91509901500754,56.11934110721677,56.527825291635246,56.32358319942601,55.91509901500754,56.527825291635246,56.32358319942601,56.527825291635246,56.32358319942601,56.11934110721677,56.527825291635246,56.527825291635246,55.91509901500754,56.527825291635246,56.32358319942601,55.91509901500754,56.527825291635246,56.32358319942601,56.527825291635246,56.11934110721677,56.11934110721677,56.32358319942601,56.11934110721677,56.11934110721677,56.527825291635246,55.91509901500754,56.527825291635246,56.11934110721677,55.91509901500754,55.91509901500754,56.32358319942601,56.11934110721677,56.11934110721677,55.91509901500754,55.91509901500754,55.91509901500754,55.91509901500754,56.32358319942601,56.11934110721677,56.11934110721677,56.527825291635246,56.11934110721677,56.527825291635246,56.527825291635246,56.32358319942601,56.527825291635246,56.11934110721677,56.32358319942601,56.11934110721677,56.32358319942601,56.11934110721677,56.527825291635246,56.527825291635246,55.91509901500754,56.32358319942601,55.91509901500754,56.527825291635246,55.91509901500754,56.32358319942601,56.11934110721677,56.32358319942601,55.91509901500754,56.527825291635246,55.91509901500754,56.32358319942601,55.91509901500754,56.527825291635246,56.32358319942601,56.527825291635246,56.527825291635246,55.91509901500754,56.32358319942601,56.527825291635246,56.527825291635246
55.85320747191385,56.269256178265984,56.269256178265984,56.061231825089905,56.061231825089905,56.47728053144204,56.269256178265984,56.269256178265984,56.269256178265984,56.061231825089905,56.269256178265984,55.85320747191385,56.47728053144204,55.85320747191385,56.061231825089905,56.47728053144204,56.47728053144204,56.269256178265984,56.269256178265984,56.061231825089905,56.47728053144204,56.269256178265984,55.85320747191385,55.85320747191385,56.47728053144204,56.061231825089905,56.061231825089905,56.061231825089905,56.269256178265984,56.47728053144204,56.061231825089905,56.269256178265984,56.061231825089905,56.47728053144204,56.061231825089905,55.85320747191385,56.47728053144204,55.85320747191385,56.47728053144204,56.269256178265984,55.85320747191385,56.47728053144204,55.85320747191385,56.061231825089905,55.85320747191385,56.47728053144204,56.47728053144204,56.269256178265984,55.85320747191385,56.47728053144204,55.85320747191385,56.269256178265984,55.85320747191385,56.269256178265984,56.269256178265984,55.85320747191385,56.061231825089905,56.061231825089905,56.269256178265984,55.85320747191385,56.47728053144204,56.47728053144204,55.85320747191385,56.47728053144204,56.061231825089905,55.85320747191385,56.47728053144204,56.47728053144204,56.061231825089905,56.061231825089905,56.269256178265984,55.85320747191385,55.85320747191385,55.85320747191385,55.85320747191385,55.85320747191385,56.061231825089905,55.85320747191385,55.85320747191385,56.269256178265984,56.269256178265984,56.47728053144204,56.47728053144204,55.85320747191385,56.269256178265984,56.269256178265984,56.269256178265984,55.85320747191385,56.47728053144204,55.85320747191385,56.269256178265984,55.85320747191385,56.269256178265984,55.85320747191385,56.269256178265984,56.47728053144204,56.47728053144204,55.85320747191385,56.269256178265984,56.47728053144204,55.85320747191385,56.47728053144204,56.061231825089905,56.47728053144204,56.269256178265984,56.061231825089905,56.269256178265984,56.269256178265984,56.47728053144204,56.269256178265984,55.85320747191385,55.85320747191385,56.061231825089905,56.061231825089905,56.47728053144204,56.061231825089905,55.85320747191385,56.061231825089905,56.061231825089905,56.269256178265984,56.47728053144204,56.269256178265984,56.47728053144204,56.269256178265984,56.061231825089905,56.061231825089905,56.47728053144204,55.85320747191385,56.47728053144204,56.269256178265984,56.47728053144204,56.47728053144204,56.269256178265984,56.47728053144204,56.269256178265984,56.47728053144204,56.47728053144204,56.061231825089905,55.85320747191385,56.269256178265984,55.85320747191385,56.47728053144204,56.269256178265984,56.061231825089905,55.85320747191385,56.269256178265984,56.269256178265984,55.85320747191385,56.269256178265984,56.47728053144204,56.47728053144204,56.47728053144204,56.47728053144204,56.061231825089905,55.85320747191385,56.061231825089905,56.269256178265984,55.85320747191385,56.47728053144204,55.85320747191385,56.061231825089905,55.85320747191385,56.47728053144204,56.269256178265984,56.061231825089905,56.47728053144204,55.85320747191385,55.85320747191385,55.85320747191385,56.269256178265984,56.47728053144204,55.85320747191385,56.47728053144204,56.269256178265984,56.061231825089905,56.061231825089905,56.061231825089905,56.269256178265984,56.269256178265984,55.85320747191385,56.47728053144204,56.47728053144204,56.061231825089905,56.061231825089905,56.061231825089905,55.85320747191385,56.269256178265984,56.47728053144204,56.061231825089905,56.061231825089905,56.269256178265984,56.269256178265984,55.85320747191385,56.061231825089905,55.85320747191385,56.269256178265984,56.47728053144204,56.269256178265984,56.47728053144204,56.269256178265984
55.79131592882014,56.21492915710594,56.00312254296305,56.42673577124885,56.42673577124885,56.42673577124885,56.42673577124885,56.00312254296305,56.00312254296305,56.21492915710594,55.79131592882014,56.42673577124885,55.79131592882014,56.00312254296305,55.79131592882014,56.42673577124885,56.21492915710594,56.21492915710594,56.00312254296305,56.00312254296305,56.42673577124885,56.42673577124885,56.42673577124885,56.42673577124885,56.21492915710594,56.00312254296305,56.21492915710594,55.79131592882014,56.42673577124885,56.00312254296305,56.42673577124885,56.21492915710594,56.42673577124885,56.21492915710594,56.00312254296305,56.42673577124885,56.42673577124885,56.42673577124885,56.21492915710594,56.42673577124885,56.00312254296305,56.42673577124885,56.42673577124885,56.21492915710594,56.00312254296305,55.79131592882014,56.42673577124885,56.21492915710594,55.79131592882014,56.42673577124885,56.21492915710594,55.79131592882014,56.21492915710594,56.42673577124885,56.42673577124885,55.79131592882014,56.42673577124885,56.42673577124885,55.79131592882014,56.42673577124885,55.79131592882014,55.79131592882014,56.42673577124885,55.79131592882014,56.00312254296305,56.00312254296305,55.79131592882014,56.21492915710594,55.79131592882014,55.79131592882014,56.21492915710594,56.00312254296305,56.42673577124885,56.00312254296305,56.00312254296305,55.79131592882014,55.79131592882014,56.21492915710594,56.00312254296305,56.21492915710594,56.00312254296305,55.79131592882014,56.00312254296305,55.79131592882014,56.42673577124885,55.79131592882014,56.21492915710594,55.79131592882014,56.21492915710594,56.42673577124885,56.21492915710594,55.79131592882014,56.21492915710594,56.00312254296305,56.00312254296305,56.42673577124885,56.42673577124885,56.00312254296305,56.21492915710594,55.79131592882014,55.79131592882014,56.00312254296305,56.00312254296305,56.21492915710594,56.00312254296305,56.00312254296305,56.00312254296305,55.79131592882014,56.21492915710594,56.42673577124885,56.42673577124885,56.21492915710594,55.79131592882014,56.00312254296305,55.79131592882014,56.00312254296305,56.00312254296305,56.21492915710594,56.42673577124885,55.79131592882014,56.42673577124885,56.21492915710594,56.00312254296305,56.00312254296305,56.42673577124885,56.00312254296305,55.79131592882014,56.00312254296305,55.79131592882014,56.00312254296305,56.21492915710594,56.00312254296305,56.00312254296305,56.42673577124885,56.42673577124885,56.21492915710594,56.21492915710594,56.00312254296305,56.00312254296305,56.00312254296305,56.42673577124885,56.42673577124885,55.79131592882014,55.79131592882014,56.21492915710594,55.79131592882014,56.42673577124885,56.00312254296305,55.79131592882014,56.00312254296305,56.00312254296305,56.42673577124885,55.79131592882014,55.79131592882014,56.00312254296305,56.42673577124885,56.42673577124885,56.21492915710594,55.79131592882014,56.42673577124885,56.00312254296305,55.79131592882014,56.21492915710594,56.00312254296305,56.42673577124885,56.00312254296305,56.42673577124885,56.00312254296305,56.42673577124885,55.79131592882014,56.21492915710594,56.00312254296305,56.42673577124885,56.42673577124885,56.42673577124885,55.79131592882014,56.00312254296305,56.42673577124885,55.79131592882014,56.00312254296305,56.21492915710594,56.00312254296305,55.79131592882014,56.00312254296305,56.00312254296305,56.42673577124885,55.79131592882014,56.21492915710594,56.42673577124885,56.42673577124885,56.42673577124885,56.00312254296305,56.42673577124885,55.79131592882014,56.21492915710594,56.00312254296305,56.21492915710594,56.42673577124885,56.21492915710594,56.21492915710594
55.72942438572643,56.160602135945915,56.160602135945915,56.160602135945915,56.37619101105567,56.160602135945915,55.72942438572643,56.160602135945915,56.160602135945915,55.94501326083618,55.72942438572643,55.72942438572643,55.72942438572643,56.160602135945915,55.94501326083618,56.160602135945915,56.37619101105567,55.94501326083618,56.37619101105567,56.160602135945915,56.160602135945915,55.94501326083618,55.94501326083618,56.160602135945915,56.160602135945915,56.37619101105567,55.72942438572643,55.94501326083618,55.94501326083618,56.160602135945915,56.160602135945915,55.72942438572643,55.72942438572643,55.72942438572643,55.72942438572643,56.160602135945915,56.37619101105567,55.72942438572643,55.94501326083618,55.72942438572643,55.72942438572643,56.160602135945915,55.94501326083618,55.94501326083618,55.94501326083618,56.160602135945915,55.94501326083618,56.37619101105567,56.37619101105567,56.160602135945915,55.72942438572643,55.72942438572643,55.94501326083618,55.72942438572643,55.72942438572643,55.94501326083618,55.94501326083618,55.72942438572643,56.160602135945915,56.37619101105567,55.94501326083618,56.37619101105567,55.72942438572643,55.94501326083618,56.160602135945915,56.37619101105567,56.37619101105567,56.37619101105567,56.37619101105567,55.94501326083618,55.94501326083618,56.160602135945915,55.94501326083618,56.160602135945915,56.160602135945915,56.160602135945915,56.37619101105567,56.160602135945915,56.37619101105567,55.72942438572643,56.160602135945915,56.37619101105567,55.94501326083618,56.37619101105567,55.72942438572643,56.37619101105567,56.37619101105567,55.72942438572643,55.72942438572643,55.72942438572643,55.94501326083618,55.94501326083618,56.160602135945915,56.37619101105567,55.72942438572643,56.160602135945915,55.94501326083618,56.37619101105567,55.94501326083618,56.160602135945915,55.94501326083618,55.94501326083618,56.37619101105567,55.94501326083618,55.94501326083618,55.94501326083618,55.72942438572643,55.94501326083618,55.94501326083618,56.160602135945915,55.72942438572643,55.94501326083618,56.37619101105567,56.160602135945915,56.37619101105567,56.37619101105567,55.72942438572643,55.72942438572643,56.160602135945915,56.37619101105567,55.94501326083618,55.94501326083618,55.72942438572643,56.37619101105567,56.160602135945915,56.160602135945915,56.37619101105567,56.37619101105567,56.160602135945915,56.160602135945915,56.160602135945915,55.72942438572643,56.37619101105567,55.94501326083618,55.72942438572643,55.72942438572643,56.37619101105567,56.37619101105567,55.94501326083618,56.37619101105567,55.94501326083618,55.72942438572643,55.72942438572643,55.94501326083618,55.72942438572643,55.72942438572643,55.72942438572643,55.94501326083618,56.37619101105567,55.94501326083618,55.72942438572643,56.37619101105567,55.94501326083618,55.72942438572643,55.94501326083618,56.37619101105567,55.94501326083618,55.94501326083618,55.94501326083618,56.160602135945915,56.37619101105567,55.72942438572643,55.72942438572643,56.160602135945915,56.37619101105567,56.160602135945915,55.72942438572643,55.72942438572643,55.72942438572643,55.72942438572643,55.72942438572643,56.160602135945915,56.37619101105567,55.72942438572643,56.160602135945915,56.37619101105567,56.160602135945915,55.72942438572643,56.160602135945915,55.72942438572643,56.37619101105567,56.160602135945915,55.72942438572643,55.72942438572643,56.37619101105567,55.72942438572643,56.160602135945915,56.160602135945915,56.37619101105567,56.37619101105567,55.94501326083618,55.94501326083618,56.160602135945915,56.37619101105567,56.37619101105567,55.94501326083618,55.72942438572643,56.160602135945915,55.72942438572643,55.72942438572643
55.88690397870931,55.667532842632724,56.10627511478589,56.32564625086246,56.32564625086246,55.667532842632724,56.32564625086246,55.667532842632724,56.10627511478589,55.88690397870931,55.88690397870931,55.667532842632724,55.667532842632724,55.88690397870931,55.667532842632724,55.88690397870931,56.10627511478589,56.10627511478589,55.88690397870931,55.667532842632724,55.88690397870931,55.88690397870931,55.667532842632724,55.667532842632724,56.10627511478589,56.32564625086246,55.88690397870931,55.88690397870931,55.88690397870931,55.667532842632724,56.32564625086246,55.667532842632724,55.88690397870931,55.88690397870931,56.10627511478589,55.667532842632724,55.88690397870931,55.88690397870931,56.10627511478589,55.667532842632724,55.667532842632724,55.667532842632724,55.88690397870931,56.10627511478589,55.667532842632724,56.10627511478589,55.667532842632724,55.667532842632724,56.10627511478589,55.88690397870931,55.88690397870931,55.667532842632724,55.88690397870931,56.32564625086246,56.10627511478589,56.32564625086246,56.32564625086246,56.10627511478589,56.10627511478589,56.10627511478589,55.667532842632724,55.667532842632724,56.32564625086246,55.667532842632724,56.10627511478589,56.10627511478589,55.88690397870931,56.32564625086246,56.10627511478589,55.667532842632724,56.10627511478589,55.667532842632724,55.88690397870931,55.667532842632724,56.32564625086246,55.667532842632724,56.32564625086246,56.10627511478589,56.10627511478589,55.88690397870931,56.32564625086246,56.10627511478589,56.10627511478589,55.88690397870931,56.32564625086246,56.10627511478589,55.667532842632724,56.32564625086246,56.10627511478589,56.10627511478589,55.88690397870931,56.10627511478589,56.10627511478589,56.32564625086246,55.88690397870931,55.88690397870931,56.32564625086246,56.32564625086246,55.667532842632724,56.10627511478589,56.32564625086246,55.667532842632724,55.667532842632724,56.10627511478589,56.32564625086246,56.10627511478589,55.88690397870931,55.667532842632724,56.32564625086246,55.667532842632724,55.88690397870931,55.667532842632724,56.32564625086246,56.10627511478589,55.88690397870931,55.88690397870931,56.10627511478589,55.667532842632724,56.32564625086246,55.88690397870931,55.667532842632724,55.88690397870931,55.667532842632724,56.10627511478589,55.667532842632724,56.10627511478589,56.10627511478589,56.10627511478589,56.32564625086246,55.88690397870931,55.88690397870931,55.667532842632724,56.32564625086246,56.32564625086246,56.10627511478589,55.667532842632724,56.32564625086246,56.10627511478589,55.88690397870931,55.88690397870931,56.32564625086246,56.32564625086246,56.10627511478589,55.667532842632724,55.667532842632724,56.10627511478589,56.32564625086246,55.667532842632724,55.667532842632724,56.10627511478589,56.32564625086246,56.32564625086246,56.32564625086246,55.88690397870931,55.88690397870931,56.10627511478589,56.10627511478589,55.667532842632724,56.32564625086246,56.10627511478589,56.32564625086246,56.32564625086246,55.88690397870931,56.10627511478589,56.32564625086246,56.32564625086246,56.32564625086246,55.88690397870931,56.32564625086246,56.32564625086246,56.10627511478589,55.667532842632724,55.88690397870931,56.10627511478589,55.667532842632724,55.667532842632724,55.667532842632724,56.32564625086246,55.667532842632724,55.667532842632724,56.32564625086246,55.667532842632724,56.32564625086246,56.32564625086246,55.667532842632724,55.88690397870931,56.10627511478589,55.667532842632724,55.667532842632724,55.667532842632724,56.10627511478589,55.88690397870931,55.88690397870931,55.88690397870931,55.667532842632724,55.88690397870931,56.32564625086246,56.10627511478589,56.32564625086246,56.32564625086246
55.60564129953901,56.275101490669265,56.275101490669265,55.60564129953901,55.60564129953901,55.60564129953901,55.60564129953901,55.82879469658244,56.05194809362586,56.275101490669265,55.82879469658244,55.82879469658244,55.82879469658244,56.275101490669265,56.275101490669265,55.82879469658244,56.05194809362586,55.60564129953901,56.05194809362586,55.82879469658244,56.05194809362586,56.275101490669265,56.05194809362586,56.05194809362586,55.82879469658244,56.275101490669265,56.275101490669265,56.275101490669265,55.82879469658244,55.82879469658244,55.60564129953901,55.60564129953901,55.60564129953901,55.60564129953901,55.60564129953901,55.82879469658244,55.82879469658244,55.82879469658244,55.82879469658244,55.82879469658244,56.275101490669265,55.82879469658244,55.82879469658244,56.05194809362586,56.275101490669265,55.82879469658244,55.60564129953901,56.275101490669265,56.275101490669265,56.05194809362586,55.82879469658244,55.60564129953901,55.60564129953901,56.05194809362586,56.05194809362586,55.82879469658244,55.60564129953901,55.60564129953901,55.60564129953901,55.60564129953901,56.05194809362586,55.60564129953901,56.275101490669265,55.82879469658244,55.82879469658244,56.275101490669265,55.82879469658244,56.275101490669265,55.82879469658244,55.60564129953901,56.275101490669265,56.05194809362586,56.05194809362586,56.275101490669265,55.60564129953901,55.60564129953901,55.60564129953901,55.60564129953901,56.05194809362586,56.275101490669265,56.05194809362586,56.275101490669265,56.275101490669265,56.275101490669265,56.275101490669265,55.82879469658244,55.60564129953901,55.82879469658244,56.275101490669265,55.82879469658244,56.275101490669265,55.82879469658244,55.82879469658244,56.05194809362586,56.05194809362586,55.60564129953901,56.05194809362586,56.05194809362586,55.82879469658244,56.05194809362586,56.05194809362586,55.82879469658244,56.05194809362586,55.82879469658244,55.82879469658244,55.82879469658244,55.82879469658244,56.275101490669265,55.60564129953901,56.275101490669265,56.275101490669265,55.82879469658244,55.82879469658244,55.60564129953901,56.05194809362586,56.05194809362586,55.60564129953901,55.60564129953901,56.275101490669265,55.82879469658244,56.275101490669265,56.275101490669265,56.05194809362586,56.275101490669265,55.82879469658244,56.275101490669265,55.82879469658244,56.275101490669265,56.05194809362586,56.275101490669265,56.05194809362586,56.275101490669265,55.60564129953901,56.275101490669265,56.275101490669265,56.275101490669265,55.82879469658244,56.05194809362586,56.05194809362586,56.05194809362586,56.275101490669265,56.05194809362586,55.82879469658244,55.82879469658244,55.82879469658244,56.05194809362586,56.275101490669265,55.60564129953901,55.82879469658244,56.05194809362586,56.275101490669265,55.60564129953901,56.275101490669265,55.60564129953901,55.82879469658244,56.275101490669265,55.82879469658244,56.05194809362586,55.82879469658244,56.05194809362586,55.82879469658244,55.82879469658244,55.60564129953901,55.82879469658244,56.275101490669265,55.82879469658244,56.275101490669265,55.60564129953901,56.275101490669265,56.05194809362586,56.275101490669265,55.60564129953901,56.275101490669265,55.82879469658244,55.60564129953901,56.275101490669265,56.275101490669265,55.60564129953901,55.60564129953901,55.82879469658244,55.82879469658244,55.60564129953901,55.82879469658244,56.05194809362586,55.82879469658244,55.60564129953901,56.275101490669265,56.275101490669265,55.82879469658244,56.05194809362586,55.60564129953901,55.82879469658244,56.05194809362586,56.275101490669265,55.60564129953901,56.05194809362586,55.82879469658244,55.60564129953901,56.05194809362586,56.05194809362586
55.543749756445315,55.543749756445315,55.77068541445557,56.224556730476074,55.99762107246583,55.77068541445557,56.224556730476074,55.77068541445557,55.543749756445315,56.224556730476074,56.224556730476074,55.99762107246583,55.99762107246583,56.224556730476074,56.224556730476074,55.99762107246583,56.224556730476074,55.99762107246583,55.543749756445315,55.99762107246583,55.543749756445315,56.224556730476074,56.224556730476074,55.543749756445315,55.543749756445315,56.224556730476074,55.543749756445315,55.77068541445557,55.543749756445315,55.77068541445557,55.77068541445557,55.543749756445315,56.224556730476074,55.99762107246583,56.224556730476074,56.224556730476074,55.99762107246583,55.543749756445315,55.77068541445557,55.99762107246583,55.77068541445557,55.77068541445557,55.543749756445315,55.99762107246583,55.77068541445557,55.77068541445557,55.543749756445315,55.77068541445557,55.99762107246583,56.224556730476074,55.77068541445557,55.99762107246583,55.99762107246583,56.224556730476074,55.99762107246583,55.77068541445557,55.99762107246583,55.99762107246583,56.224556730476074,56.224556730476074,56.224556730476074,55.543749756445315,55.543749756445315,55.77068541445557,55.543749756445315,55.543749756445315,55.99762107246583,55.77068541445557,55.99762107246583,56.224556730476074,55.99762107246583,56.224556730476074,56.224556730476074,55.99762107246583,56.224556730476074,56.224556730476074,56.224556730476074,55.99762107246583,55.543749756445315,55.77068541445557,55.543749756445315,56.224556730476074,55.77068541445557,55.99762107246583,55.77068541445557,56.224556730476074,55.77068541445557,55.99762107246583,55.99762107246583,55.99762107246583,55.543749756445315,55.77068541445557,55.99762107246583,55.99762107246583,55.77068541445557,55.543749756445315,55.77068541445557,55.543749756445315,55.99762107246583,55.99762107246583,56.224556730476074,55.99762107246583,55.77068541445557,55.99762107246583,56.224556730476074,55.77068541445557,56.224556730476074,55.99762107246583,55.77068541445557,55.77068541445557,55.77068541445557,55.77068541445557,55.543749756445315,55.77068541445557,56.224556730476074,56.224556730476074,55.77068541445557,56.224556730476074,55.99762107246583,56.224556730476074,55.77068541445557,55.77068541445557,56.224556730476074,55.543749756445315,55.543749756445315,56.224556730476074,56.224556730476074,55.77068541445557,56.224556730476074,56.224556730476074,56.224556730476074,55.77068541445557,55.77068541445557,56.224556730476074,55.99762107246583,55.99762107246583,55.77068541445557,55.543749756445315,55.99762107246583,56.224556730476074,55.543749756445315,56.224556730476074,56.224556730476074,55.543749756445315,55.543749756445315,56.224556730476074,55.99762107246583,55.99762107246583,55.99762107246583,55.543749756445315,55.99762107246583,55.99762107246583,55.543749756445315,55.77068541445557,56.224556730476074,55.77068541445557,55.543749756445315,55.77068541445557,55.543749756445315,55.77068541445557,56.224556730476074,55.543749756445315,55.77068541445557,56.224556730476074,55.77068541445557,55.77068541445557,56.224556730476074,55.99762107246583,55.543749756445315,55.99762107246583,55.77068541445557,55.77068541445557,55.543749756445315,55.99762107246583,55.543749756445315,56.224556730476074,56.224556730476074,55.99762107246583,56.224556730476074,55.77068541445557,56.224556730476074,55.99762107246583,55.77068541445557,55.543749756445315,55.77068541445557,55.99762107246583,55.99762107246583,56.224556730476074,55.99762107246583,55.77068541445557,55.99762107246583,56.224556730476074,56.224556730476074,55.99762107246583,55.77068541445557,56.224556730476074,55.77068541445557,55.99762107246583,56.224556730476074,55.99762107246583
55.943294051305806,55.48185821335161,55.71257613232869,55.71257613232869,56.17401197028289,55.48185821335161,56.17401197028289,56.17401197028289,55.943294051305806,55.943294051305806,55.943294051305806,55.71257613232869,55.48185821335161,55.71257613232869,56.17401197028289,55.943294051305806,55.71257613232869,56.17401197028289,56.17401197028289,56.17401197028289,55.71257613232869,55.71257613232869,55.943294051305806,56.17401197028289,56.17401197028289,56.17401197028289,56.17401197028289,55.943294051305806,56.17401197028289,55.71257613232869,56.17401197028289,55.48185821335161,55.71257613232869,55.71257613232869,55.71257613232869,55.943294051305806,55.71257613232869,55.71257613232869,56.17401197028289,55.943294051305806,55.71257613232869,55.943294051305806,56.17401197028289,55.71257613232869,55.48185821335161,56.17401197028289,56.17401197028289,56.17401197028289,55.943294051305806,55.48185821335161,55.71257613232869,55.48185821335161,55.48185821335161,55.943294051305806,55.943294051305806,55.48185821335161,56.17401197028289,55.48185821335161,55.943294051305806,55.943294051305806,55.71257613232869,55.48185821335161,55.71257613232869,55.48185821335161,55.943294051305806,55.48185821335161,55.48185821335161,55.48185821335161,55.48185821335161,55.943294051305806,55.71257613232869,55.943294051305806,55.943294051305806,56.17401197028289,55.71257613232869,55.943294051305806,56.17401197028289,55.71257613232869,55.943294051305806,55.71257613232869,56.17401197028289,55.71257613232869,55.48185821335161,55.48185821335161,55.48185821335161,56.17401197028289,55.71257613232869,56.17401197028289,55.48185821335161,55.943294051305806,55.48185821335161,56.17401197028289,55.48185821335161,55.48185821335161,55.71257613232869,55.943294051305806,55.943294051305806,55.48185821335161,55.48185821335161,55.943294051305806,55.48185821335161,55.71257613232869,55.48185821335161,55.48185821335161,55.943294051305806,55.943294051305806,56.17401197028289,55.48185821335161,55.48185821335161,55.48185821335161,56.17401197028289,55.48185821335161,55.71257613232869,55.71257613232869,55.71257613232869,56.17401197028289,55.48185821335161,55.943294051305806,55.48185821335161,55.71257613232869,55.943294051305806,55.48185821335161,55.71257613232869,55.48185821335161,55.71257613232869,56.17401197028289,56.17401197028289,55.71257613232869,55.48185821335161,55.71257613232869,55.48185821335161,56.17401197028289,55.48185821335161,56.17401197028289,55.48185821335161,55.71257613232869,55.48185821335161,56.17401197028289,55.48185821335161,55.71257613232869,55.943294051305806,55.71257613232869,55.48185821335161,55.48185821335161,56.17401197028289,56.17401197028289,56.17401197028289,55.48185821335161,55.943294051305806,55.48185821335161,55.943294051305806,55.71257613232869,55.943294051305806,55.71257613232869,56.17401197028289,55.48185821335161,55.943294051305806,55.48185821335161,55.71257613232869,55.48185821335161,55.943294051305806,55.48185821335161,55.48185821335161,55.48185821335161,55.943294051305806,55.48185821335161,56.17401197028289,55.943294051305806,55.48185821335161,55.71257613232869,55.71257613232869,55.48185821335161,55.943294051305806,56.17401197028289,55.48185821335161,56.17401197028289,55.48185821335161,56.17401197028289,55.71257613232869,56.17401197028289,55.48185821335161,55.71257613232869,55.48185821335161,56.17401197028289,55.71257613232869,55.48185821335161,55.48185821335161,55.48185821335161,56.17401197028289,55.48185821335161,55.48185821335161,56.17401197028289,55.48185821335161,55.71257613232869,56.17401197028289,55.71257613232869,55.943294051305806,55.48185821335161,55.943294051305806,55.71257613232869
56.12346721008969,55.654466850201835,55.888967030145764,55.654466850201835,56.12346721008969,56.12346721008969,55.41996667025791,56.12346721008969,55.654466850201835,56.12346721008969,55.41996667025791,55.654466850201835,55.654466850201835,55.888967030145764,56.12346721008969,55.41996667025791,55.654466850201835,56.12346721008969,55.654466850201835,56.12346721008969,55.41996667025791,56.12346721008969,56.12346721008969,55.888967030145764,55.654466850201835,55.41996667025791,55.888967030145764,55.41996667025791,56.12346721008969,55.41996667025791,56.12346721008969,55.41996667025791,55.41996667025791,55.654466850201835,55.41996667025791,55.41996667025791,55.654466850201835,55.888967030145764,56.12346721008969,55.41996667025791,55.888967030145764,55.654466850201835,55.41996667025791,55.888967030145764,55.654466850201835,55.654466850201835,55.654466850201835,55.888967030145764,55.41996667025791,56.12346721008969,55.888967030145764,55.888967030145764,56.12346721008969,55.888967030145764,56.12346721008969,55.41996667025791,55.888967030145764,56.12346721008969,55.654466850201835,55.888967030145764,56.12346721008969,56.12346721008969,55.654466850201835,56.12346721008969,55.654466850201835,55.654466850201835,55.888967030145764,55.654466850201835,55.41996667025791,55.41996667025791,55.41996667025791,55.41996667025791,55.654466850201835,55.41996667025791,55.41996667025791,55.888967030145764,55.888967030145764,55.888967030145764,55.41996667025791,55.888967030145764,55.41996667025791,56.12346721008969,55.888967030145764,56.12346721008969,55.41996667025791,56.12346721008969,55.654466850201835,55.41996667025791,55.41996667025791,55.41996667025791,55.888967030145764,55.888967030145764,55.654466850201835,55.41996667025791,56.12346721008969,55.41996667025791,56.12346721008969,55.41996667025791,56.12346721008969,55.41996667025791,55.654466850201835,55.654466850201835,55.888967030145764,55.888967030145764,55.654466850201835,55.888967030145764,55.654466850201835,55.888967030145764,55.888967030145764,55.654466850201835,55.41996667025791,55.654466850201835,55.654466850201835,55.41996667025791,55.654466850201835,56.12346721008969,56.12346721008969,56.12346721008969,55.888967030145764,55.41996667025791,55.888967030145764,55.888967030145764,55.654466850201835,55.41996667025791,55.41996667025791,56.12346721008969,55.888967030145764,55.654466850201835,56.12346721008969,56.12346721008969,55.654466850201835,55.888967030145764,56.12346721008969,55.41996667025791,55.654466850201835,55.41996667025791,55.654466850201835,55.654466850201835,56.12346721008969,55.41996667025791,55.654466850201835,56.12346721008969,55.41996667025791,56.12346721008969,55.41996667025791,55.41996667025791,55.888967030145764,55.888967030145764,55.41996667025791,56.12346721008969,56.12346721008969,55.888967030145764,55.41996667025791,55.654466850201835,55.888967030145764,55.654466850201835,55.654466850201835,56.12346721008969,55.654466850201835,55.888967030145764,55.41996667025791,55.41996667025791,55.654466850201835,55.654466850201835,55.654466850201835,55.888967030145764,55.888967030145764,56.12346721008969,55.654466850201835,55.41996667025791,56.12346721008969,55.41996667025791,56.12346721008969,55.654466850201835,56.12346721008969,55.41996667025791,56.12346721008969,56.12346721008969,55.41996667025791,55.41996667025791,55.654466850201835,55.654466850201835,55.888967030145764,55.888967030145764,56.12346721008969,56.12346721008969,55.654466850201835,55.654466850201835,55.41996667025791,55.888967030145764,56.12346721008969,55.654466850201835,56.12346721008969,55.654466850201835,55.888967030145764,55.41996667025791,55.41996667025791,55.41996667025791,55.888967030145764,55.41996667025791
55.83464000898574,55.3580751271642,55.3580751271642,56.0729224498965,56.0729224498965,55.83464000898574,55.3580751271642,56.0729224498965,56.0729224498965,55.596357568074964,55.3580751271642,55.3580751271642,56.0729224498965,55.3580751271642,55.3580751271642,55.596357568074964,56.0729224498965,55.596357568074964,55.83464000898574,55.3580751271642,55.596357568074964,55.3580751271642,55.83464000898574,55.596357568074964,56.0729224498965,55.3580751271642,56.0729224498965,55.596357568074964,56.0729224498965,55.83464000898574,55.3580751271642,55.3580751271642,56.0729224498965,56.0729224498965,55.596357568074964,55.596357568074964,55.83464000898574,55.83464000898574,55.596357568074964,56.0729224498965,55.3580751271642,56.0729224498965,55.3580751271642,55.3580751271642,56.0729224498965,55.3580751271642,55.83464000898574,55.3580751271642,55.3580751271642,55.83464000898574,55.3580751271642,55.3580751271642,55.3580751271642,55.596357568074964,56.0729224498965,55.83464000898574,55.83464000898574,55.596357568074964,55.596357568074964,55.83464000898574,56.0729224498965,56.0729224498965,55.596357568074964,55.3580751271642,56.0729224498965,55.596357568074964,55.83464000898574,56.0729224498965,55.3580751271642,55.596357568074964,55.3580751271642,55.83464000898574,55.3580751271642,56.0729224498965,56.0729224498965,55.83464000898574,56.0729224498965,55.83464000898574,55.83464000898574,55.596357568074964,56.0729224498965,56.0729224498965,56.0729224498965,55.3580751271642,55.596357568074964,55.3580751271642,55.596357568074964,55.3580751271642,55.596357568074964,55.83464000898574,55.596357568074964,55.3580751271642,55.83464000898574,55.3580751271642,55.596357568074964,55.596357568074964,55.596357568074964,55.596357568074964,56.0729224498965,55.3580751271642,56.0729224498965,55.596357568074964,55.596357568074964,55.3580751271642,55.83464000898574,55.596357568074964,56.0729224498965,55.83464000898574,55.3580751271642,55.83464000898574,55.596357568074964,55.83464000898574,55.3580751271642,55.83464000898574,55.596357568074964,55.83464000898574,56.0729224498965,55.3580751271642,55.3580751271642,55.3580751271642,56.0729224498965,55.596357568074964,55.3580751271642,55.83464000898574,56.0729224498965,55.3580751271642,55.83464000898574,55.596357568074964,55.596357568074964,55.3580751271642,56.0729224498965,55.596357568074964,55.596357568074964,55.3580751271642,55.83464000898574,55.83464000898574,56.0729224498965,55.83464000898574,55.596357568074964,56.0729224498965,56.0729224498965,55.3580751271642,55.3580751271642,55.596357568074964,56.0729224498965,55.596357568074964,56.0729224498965,55.3580751271642,55.83464000898574,56.0729224498965,55.596357568074964,55.3580751271642,55.83464000898574,55.83464000898574,55.596357568074964,55.596357568074964,55.3580751271642,55.3580751271642,55.3580751271642,56.0729224498965,55.3580751271642,56.0729224498965,55.596357568074964,55.596357568074964,55.3580751271642,56.0729224498965,55.596357568074964,55.83464000898574,55.596357568074964,55.3580751271642,55.596357568074964,55.596357568074964,55.3580751271642,55.83464000898574,55.596357568074964,56.0729224498965,56.0729224498965,55.3580751271642,55.596357568074964,55.83464000898574,56.0729224498965,55.3580751271642,55.596357568074964,55.3580751271642,55.83464000898574,55.3580751271642,55.3580751271642,55.596357568074964,55.596357568074964,56.0729224498965,55.83464000898574,55.83464000898574,55.83464000898574,55.3580751271642,55.3580751271642,55.596357568074964,55.3580751271642,56.0729224498965,55.3580751271642,55.596357568074964
55.29618358407049,55.780312987825695,56.022377689703305,56.022377689703305,55.5382482859481,55.780312987825695,55.5382482859481,56.022377689703305,55.29618358407049,55.5382482859481,55.5382482859481,55.780312987825695,55.780312987825695,55.780312987825695,56.022377689703305,55.29618358407049,55.5382482859481,56.022377689703305,55.29618358407049,55.5382482859481,55.780312987825695,55.5382482859481,55.5382482859481,55.780312987825695,55.5382482859481,55.5382482859481,56.022377689703305,55.29618358407049,55.29618358407049,56.022377689703305,55.5382482859481,55.5382482859481,55.29618358407049,56.022377689703305,55.780312987825695,55.780312987825695,55.29618358407049,56.022377689703305,55.5382482859481,55.5382482859481,55.780312987825695,56.022377689703305,56.022377689703305,56.022377689703305,55.780312987825695,55.5382482859481,55.29618358407049,55.5382482859481,56.022377689703305,55.5382482859481,55.5382482859481,55.5382482859481,55.29618358407049,55.5382482859481,55.780312987825695,55.5382482859481,55.5382482859481,56.022377689703305,55.29618358407049,55.5382482859481,55.5382482859481,56.022377689703305,55.780312987825695,56.022377689703305,55.5382482859481,55.5382482859481,55.29618358407049,55.5382482859481,55.5382482859481,56.022377689703305,55.5382482859481,55.29618358407049,56.022377689703305,55.780312987825695,55.780312987825695,55.29618358407049,55.5382482859481,55.780312987825695,55.5382482859481,55.29618358407049,55.780312987825695,56.022377689703305,56.022377689703305,55.5382482859481,55.780312987825695,55.5382482859481,55.5382482859481,56.022377689703305,56.022377689703305,56.022377689703305,55.29618358407049,56.022377689703305,55.29618358407049,55.780312987825695,55.29618358407049,56.022377689703305,56.022377689703305,55.5382482859481,56.022377689703305,55.5382482859481,55.780312987825695,55.780312987825695,55.780312987825695,55.780312987825695,55.29618358407049,56.022377689703305,55.780312987825695,55.5382482859481,55.5382482859481,56.022377689703305,55.5382482859481,55.780312987825695,56.022377689703305,56.022377689703305,55.5382482859481,55.780312987825695,55.29618358407049,55.5382482859481,55.780312987825695,55.780312987825695,55.780312987825695,56.022377689703305,55.29618358407049,56.022377689703305,55.5382482859481,55.29618358407049,55.5382482859481,55.29618358407049,55.780312987825695,56.022377689703305,55.5382482859481,55.5382482859481,55.29618358407049,55.780312987825695,55.780312987825695,55.29618358407049,55.780312987825695,55.780312987825695,55.29618358407049,56.022377689703305,55.5382482859481,56.022377689703305,55.5382482859481,55.5382482859481,56.022377689703305,55.29618358407049,55.780312987825695,56.022377689703305,55.5382482859481,55.780312987825695,56.022377689703305,55.29618358407049,56.022377689703305,56.022377689703305,56.022377689703305,56.022377689703305,55.780312987825695,55.5382482859481,55.5382482859481,55.5382482859481,55.780312987825695,56.022377689703305,56.022377689703305,55.29618358407049,56.022377689703305,56.022377689703305,55.780312987825695,55.5382482859481,55.780312987825695,55.5382482859481,55.5382482859481,55.29618358407049,56.022377689703305,55.29618358407049,55.5382482859481,55.29618358407049,55.5382482859481,55.780312987825695,55.29618358407049,56.022377689703305,55.5382482859481,55.780312987825695,55.780312987825695,55.5382482859481,56.022377689703305,56.022377689703305,55.5382482859481,55.29618358407049,55.780312987825695,55.29618358407049,55.5382482859481,55.29618358407049,55.29618358407049,56.022377689703305,55.5382482859481,56.022377689703305,55.29618358407049,55.780312987825695,56.022377689703305,55.5382482859481
55.72598596666567,55.97183292951012,55.97183292951012,55.72598596666567,55.97183292951012,55.23429204097678,55.23429204097678,55.97183292951012,55.72598596666567,55.48013900382123,55.23429204097678,55.97183292951012,55.48013900382123,55.23429204097678,55.23429204097678,55.48013900382123,55.48013900382123,55.23429204097678,55.72598596666567,55.97183292951012,55.72598596666567,55.72598596666567,55.23429204097678,55.97183292951012,55.48013900382123,55.72598596666567,55.97183292951012,55.72598596666567,55.72598596666567,55.97183292951012,55.48013900382123,55.23429204097678,55.72598596666567,55.72598596666567,55.97183292951012,55.48013900382123,55.48013900382123,55.97183292951012,55.23429204097678,55.72598596666567,55.23429204097678,55.97183292951012,55.97183292951012,55.72598596666567,55.97183292951012,55.48013900382123,55.23429204097678,55.23429204097678,55.72598596666567,55.48013900382123,55.97183292951012,55.48013900382123,55.97183292951012,55.23429204097678,55.48013900382123,55.97183292951012,55.23429204097678,55.48013900382123,55.72598596666567,55.72598596666567,55.23429204097678,55.72598596666567,55.48013900382123,55.72598596666567,55.23429204097678,55.48013900382123,55.97183292951012,55.48013900382123,55.72598596666567,55.97183292951012,55.23429204097678,55.23429204097678,55.72598596666567,55.97183292951012,55.72598596666567,55.23429204097678,55.48013900382123,55.48013900382123,55.72598596666567,55.23429204097678,55.72598596666567,55.23429204097678,55.97183292951012,55.48013900382123,55.23429204097678,55.97183292951012,55.23429204097678,55.23429204097678,55.72598596666567,55.97183292951012,55.48013900382123,55.48013900382123,55.23429204097678,55.48013900382123,55.23429204097678,55.72598596666567,55.48013900382123,55.97183292951012,55.48013900382123,55.97183292951012,55.97183292951012,55.48013900382123,55.97183292951012,55.48013900382123,55.72598596666567,55.23429204097678,55.72598596666567,55.23429204097678,55.72598596666567,55.97183292951012,55.97183292951012,55.23429204097678,55.23429204097678,55.48013900382123,55.72598596666567,55.97183292951012,55.72598596666567,55.23429204097678,55.97183292951012,55.72598596666567,55.48013900382123,55.72598596666567,55.23429204097678,55.72598596666567,55.97183292951012,55.97183292951012,55.48013900382123,55.72598596666567,55.23429204097678,55.97183292951012,55.48013900382123,55.72598596666567,55.23429204097678,55.97183292951012,55.23429204097678,55.23429204097678,55.48013900382123,55.97183292951012,55.23429204097678,55.72598596666567,55.48013900382123,55.72598596666567,55.48013900382123,55.23429204097678,55.48013900382123,55.97183292951012,55.97183292951012,55.72598596666567,55.23429204097678,55.72598596666567,55.72598596666567,55.48013900382123,55.23429204097678,55.23429204097678,55.72598596666567,55.97183292951012,55.97183292951012,55.72598596666567,55.23429204097678,55.97183292951012,55.23429204097678,55.23429204097678,55.97183292951012,55.72598596666567,55.23429204097678,55.97183292951012,55.97183292951012,55.23429204097678,55.97183292951012,55.48013900382123,55.72598596666567,55.48013900382123,55.72598596666567,55.72598596666567,55.97183292951012,55.48013900382123,55.23429204097678,55.23429204097678,55.97183292951012,55.97183292951012,55.97183292951012,55.48013900382123,55.23429204097678,55.97183292951012,55.23429204097678,55.72598596666567,55.23429204097678,55.72598596666567,55.48013900382123,55.23429204097678,55.72598596666567,55.97183292951012,55.72598596666567,55.23429204097678,55.48013900382123,55.48013900382123,55.23429204097678,55.72598596666567,55.72598596666567,55.23429204097678
55.42202972169436,55.42202972169436,55.42202972169436,55.42202972169436,55.67165894550564,55.42202972169436,55.92128816931693,55.42202972169436,55.92128816931693,55.92128816931693,55.92128816931693,55.42202972169436,55.67165894550564,55.172400497883075,55.172400497883075,55.67165894550564,55.92128816931693,55.42202972169436,55.92128816931693,55.67165894550564,55.172400497883075,55.92128816931693,55.42202972169436,55.92128816931693,55.42202972169436,55.42202972169436,55.42202972169436,55.67165894550564,55.67165894550564,55.67165894550564,55.42202972169436,55.67165894550564,55.67165894550564,55.67165894550564,55.42202972169436,55.92128816931693,55.92128816931693,55.67165894550564,55.42202972169436,55.92128816931693,55.42202972169436,55.172400497883075,55.172400497883075,55.67165894550564,55.92128816931693,55.42202972169436,55.92128816931693,55.42202972169436,55.172400497883075,55.92128816931693,55.92128816931693,55.67165894550564,55.92128816931693,55.42202972169436,55.67165894550564,55.172400497883075,55.67165894550564,55.42202972169436,55.42202972169436,55.42202972169436,55.92128816931693,55.92128816931693,55.42202972169436,55.42202972169436,55.92128816931693,55.67165894550564,55.67165894550564,55.92128816931693,55.92128816931693,55.67165894550564,55.172400497883075,55.172400497883075,55.92128816931693,55.172400497883075,55.92128816931693,55.42202972169436,55.42202972169436,55.172400497883075,55.92128816931693,55.92128816931693,55.172400497883075,55.42202972169436,55.67165894550564,55.172400497883075,55.67165894550564,55.92128816931693,55.172400497883075,55.92128816931693,55.172400497883075,55.42202972169436,55.172400497883075,55.92128816931693,55.42202972169436,55.42202972169436,55.92128816931693,55.172400497883075,55.67165894550564,55.67165894550564,55.42202972169436,55.67165894550564,55.92128816931693,55.172400497883075,55.42202972169436,55.67165894550564,55.172400497883075,55.42202972169436,55.42202972169436,55.172400497883075,55.172400497883075,55.42202972169436,55.42202972169436,55.42202972169436,55.92128816931693,55.92128816931693,55.172400497883075,55.172400497883075,55.42202972169436,55.42202972169436,55.42202972169436,55.42202972169436,55.92128816931693,55.67165894550564,55.42202972169436,55.172400497883075,55.92128816931693,55.172400497883075,55.42202972169436,55.42202972169436,55.172400497883075,55.42202972169436,55.92128816931693,55.67165894550564,55.42202972169436,55.92128816931693,55.92128816931693,55.92128816931693,55.42202972169436,55.172400497883075,55.172400497883075,55.42202972169436,55.172400497883075,55.42202972169436,55.172400497883075,55.172400497883075,55.92128816931693,55.92128816931693,55.67165894550564,55.172400497883075,55.67165894550564,55.67165894550564,55.42202972169436,55.172400497883075,55.92128816931693,55.42202972169436,55.67165894550564,55.172400497883075,55.67165894550564,55.67165894550564,55.67165894550564,55.92128816931693,55.42202972169436,55.67165894550564,55.42202972169436,55.42202972169436,55.92128816931693,55.172400497883075,55.67165894550564,55.42202972169436,55.92128816931693,55.92128816931693,55.42202972169436,55.42202972169436,55.67165894550564,55.42202972169436,55.172400497883075,55.172400497883075,55.42202972169436,55.42202972169436,55.92128816931693,55.67165894550564,55.42202972169436,55.172400497883075,55.42202972169436,55.92128816931693,55.42202972169436,55.42202972169436,55.42202972169436,55.172400497883075,55.92128816931693,55.67165894550564,55.92128816931693,55.172400497883075,55.92128816931693,55.42202972169436,55.92128816931693,55.67165894550564,55.67165894550564,55.42202972169436,55.67165894550564,55.42202972169436
55.61733192434561,55.110508954789374,55.870743409123726,55.36392043956748,55.36392043956748,55.61733192434561,55.110508954789374,55.870743409123726,55.61733192434561,55.110508954789374,55.61733192434561,55.870743409123726,55.61733192434561,55.870743409123726,55.110508954789374,55.110508954789374,55.36392043956748,55.36392043956748,55.61733192434561,55.870743409123726,55.870743409123726,55.61733192434561,55.61733192434561,55.36392043956748,55.870743409123726,55.870743409123726,55.870743409123726,55.61733192434561,55.870743409123726,55.36392043956748,55.36392043956748,55.61733192434561,55.870743409123726,55.870743409123726,55.870743409123726,55.870743409123726,55.870743409123726,55.61733192434561,55.61733192434561,55.36392043956748,55.870743409123726,55.61733192434561,55.870743409123726,55.36392043956748,55.870743409123726,55.870743409123726,55.870743409123726,55.36392043956748,55.870743409123726,55.110508954789374,55.61733192434561,55.110508954789374,55.870743409123726,55.36392043956748,55.110508954789374,55.61733192434561,55.61733192434561,55.110508954789374,55.61733192434561,55.110508954789374,55.36392043956748,55.61733192434561,55.36392043956748,55.36392043956748,55.870743409123726,55.870743409123726,55.870743409123726,55.110508954789374,55.61733192434561,55.36392043956748,55.36392043956748,55.61733192434561,55.36392043956748,55.870743409123726,55.110508954789374,55.110508954789374,55.110508954789374,55.110508954789374,55.110508954789374,55.36392043956748,55.110508954789374,55.61733192434561,55.61733192434561,55.36392043956748,55.61733192434561,55.110508954789374,55.110508954789374,55.110508954789374,55.870743409123726,55.870743409123726,55.870743409123726,55.61733192434561,55.110508954789374,55.110508954789374,55.110508954789374,55.110508954789374,55.870743409123726,55.61733192434561,55.61733192434561,55.36392043956748,55.110508954789374,55.36392043956748,55.110508954789374,55.110508954789374,55.36392043956748,55.870743409123726,55.110508954789374,55.110508954789374,55.870743409123726,55.36392043956748,55.36392043956748,55.870743409123726,55.36392043956748,55.870743409123726,55.110508954789374,55.870743409123726,55.870743409123726,55.110508954789374,55.61733192434561,55.870743409123726,55.36392043956748,55.110508954789374,55.870743409123726,55.36392043956748,55.36392043956748,55.61733192434561,55.36392043956748,55.36392043956748,55.870743409123726,55.36392043956748,55.36392043956748,55.110508954789374,55.36392043956748,55.870743409123726,55.61733192434561,55.61733192434561,55.61733192434561,55.870743409123726,55.870743409123726,55.61733192434561,55.870743409123726,55.870743409123726,55.870743409123726,55.61733192434561,55.870743409123726,55.110508954789374,55.61733192434561,55.870743409123726,55.61733192434561,55.110508954789374,55.61733192434561,55.110508954789374,55.61733192434561,55.36392043956748,55.110508954789374,55.110508954789374,55.110508954789374,55.61733192434561,55.36392043956748,55.110508954789374,55.870743409123726,55.36392043956748,55.61733192434561,55.36392043956748,55.110508954789374,55.870743409123726,55.110508954789374,55.870743409123726,55.36392043956748,55.36392043956748,55.36392043956748,55.61733192434561,55.36392043956748,55.110508954789374,55.61733192434561,55.870743409123726,55.110508954789374,55.870743409123726,55.36392043956748,55.110508954789374,55.61733192434561,55.110508954789374,55.110508954789374,55.870743409123726,55.36392043956748,55.870743409123726,55.870743409123726,55.110508954789374,55.36392043956748,55.870743409123726,55.36392043956748,55.61733192434561,55.870743409123726,55.61733192434561,55.110508954789374,55.36392043956748,55.36392043956748,55.61733192434561,55.110508954789374,55.61733192434561
55.82019864893053,55.563004903185586,55.82019864893053,55.82019864893053,55.563004903185586,55.30581115744062,55.82019864893053,55.30581115744062,55.563004903185586,55.82019864893053,55.048617411695666,55.30581115744062,55.82019864893053,55.048617411695666,55.30581115744062,55.30581115744062,55.563004903185586,55.048617411695666,55.82019864893053,55.30581115744062,55.82019864893053,55.048617411695666,55.30581115744062,55.82019864893053,55.30581115744062,55.82019864893053,55.82019864893053,55.048617411695666,55.563004903185586,55.563004903185586,55.563004903185586,55.563004903185586,55.048617411695666,55.048617411695666,55.30581115744062,55.30581115744062,55.30581115744062,55.30581115744062,55.30581115744062,55.048617411695666,55.82019864893053,55.82019864893053,55.30581115744062,55.048617411695666,55.563004903185586,55.048617411695666,55.30581115744062,55.82019864893053,55.563004903185586,55.048617411695666,55.048617411695666,55.048617411695666,55.563004903185586,55.563004903185586,55.048617411695666,55.82019864893053,55.30581115744062,55.30581115744062,55.30581115744062,55.82019864893053,55.30581115744062,55.048617411695666,55.048617411695666,55.30581115744062,55.563004903185586,55.82019864893053,55.048617411695666,55.82019864893053,55.30581115744062,55.048617411695666,55.048617411695666,55.30581115744062,55.563004903185586,55.30581115744062,55.30581115744062,55.048617411695666,55.30581115744062,55.30581115744062,55.563004903185586,55.563004903185586,55.82019864893053,55.563004903185586,55.563004903185586,55.82019864893053,55.563004903185586,55.30581115744062,55.30581115744062,55.048617411695666,55.82019864893053,55.048617411695666,55.048617411695666,55.30581115744062,55.30581115744062,55.82019864893053,55.563004903185586,55.563004903185586,55.82019864893053,55.30581115744062,55.048617411695666,55.82019864893053,55.30581115744062,55.563004903185586,55.82019864893053,55.82019864893053,55.048617411695666,55.30581115744062,55.048617411695666,55.82019864893053,55.82019864893053,55.048617411695666,55.82019864893053,55.82019864893053,55.048617411695666,55.82019864893053,55.82019864893053,55.048617411695666,55.30581115744062,55.30581115744062,55.30581115744062,55.048617411695666,55.30581115744062,55.563004903185586,55.048617411695666,55.30581115744062,55.048617411695666,55.82019864893053,55.30581115744062,55.563004903185586,55.82019864893053,55.048617411695666,55.82019864893053,55.82019864893053,55.30581115744062,55.048617411695666,55.82019864893053,55.82019864893053,55.82019864893053,55.82019864893053,55.563004903185586,55.30581115744062,55.048617411695666,55.30581115744062,55.048617411695666,55.82019864893053,55.82019864893053,55.30581115744062,55.563004903185586,55.30581115744062,55.82019864893053,55.048617411695666,55.82019864893053,55.048617411695666,55.82019864893053,55.82019864893053,55.563004903185586,55.563004903185586,55.048617411695666,55.30581115744062,55.563004903185586,55.048617411695666,55.82019864893053,55.30581115744062,55.30581115744062,55.563004903185586,55.82019864893053,55.82019864893053,55.30581115744062,55.048617411695666,55.048617411695666,55.30581115744062,55.30581115744062,55.82019864893053,55.563004903185586,55.30581115744062,55.048617411695666,55.30581115744062,55.82019864893053,55.048617411695666,55.563004903185586,55.048617411695666,55.048617411695666,55.30581115744062,55.048617411695666,55.30581115744062,55.563004903185586,55.048617411695666,55.30581115744062,55.563004903185586,55.82019864893053,55.048617411695666,55.82019864893053,55.30581115744062,55.563004903185586,55.048617411695666,55.30581115744062,55.30581115744062,55.048617411695666,55.82019864893053,55.563004903185586,55.048617411695666
55.24770187531376,55.76965388873734,55.508677882025545,55.24770187531376,55.76965388873734,55.24770187531376,55.24770187531376,55.508677882025545,55.508677882025545,55.76965388873734,55.24770187531376,55.508677882025545,55.24770187531376,55.76965388873734,55.24770187531376,55.76965388873734,55.508677882025545,55.508677882025545,55.24770187531376,55.24770187531376,55.24770187531376,54.98672586860196,55.76965388873734,55.76965388873734,54.98672586860196,55.24770187531376,55.508677882025545,55.76965388873734,54.98672586860196,55.24770187531376,54.98672586860196,55.24770187531376,55.76965388873734,55.76965388873734,55.508677882025545,55.76965388873734,54.98672586860196,54.98672586860196,55.24770187531376,55.508677882025545,54.98672586860196,55.508677882025545,55.24770187531376,54.98672586860196,55.24770187531376,55.76965388873734,55.24770187531376,55.76965388873734,55.508677882025545,55.76965388873734,55.76965388873734,55.508677882025545,55.508677882025545,55.24770187531376,55.508677882025545,55.76965388873734,55.508677882025545,55.508677882025545,55.508677882025545,55.24770187531376,55.76965388873734,55.508677882025545,55.508677882025545,55.508677882025545,55.508677882025545,55.76965388873734,55.76965388873734,55.24770187531376,55.76965388873734,55.24770187531376,55.76965388873734,55.508677882025545,55.508677882025545,55.24770187531376,55.508677882025545,55.76965388873734,55.508677882025545,55.24770187531376,55.508677882025545,55.508677882025545,54.98672586860196,55.24770187531376,55.508677882025545,55.508677882025545,54.98672586860196,55.24770187531376,55.76965388873734,55.24770187531376,54.98672586860196,55.24770187531376,55.76965388873734,55.24770187531376,55.508677882025545,54.98672586860196,55.76965388873734,55.508677882025545,55.76965388873734,55.508677882025545,55.508677882025545,55.508677882025545,55.24770187531376,55.76965388873734,55.24770187531376,55.508677882025545,55.76965388873734,54.98672586860196,55.508677882025545,55.76965388873734,55.24770187531376,55.24770187531376,55.76965388873734,54.98672586860196,55.508677882025545,54.98672586860196,55.76965388873734,55.24770187531376,54.98672586860196,55.508677882025545,55.24770187531376,55.24770187531376,54.98672586860196,54.98672586860196,55.24770187531376,55.508677882025545,54.98672586860196,55.76965388873734,54.98672586860196,55.24770187531376,54.98672586860196,55.76965388873734,55.508677882025545,55.76965388873734,55.76965388873734,55.76965388873734,54.98672586860196,54.98672586860196,55.24770187531376,55.24770187531376,55.24770187531376,55.76965388873734,55.24770187531376,55.24770187531376,54.98672586860196,55.24770187531376,55.76965388873734,55.76965388873734,55.508677882025545,55.508677882025545,55.24770187531376,55.508677882025545,54.98672586860196,55.24770187531376,55.508677882025545,55.24770187531376,54.98672586860196,55.508677882025545,54.98672586860196,55.508677882025545,55.508677882025545,54.98672586860196,55.76965388873734,55.24770187531376,54.98672586860196,55.24770187531376,55.24770187531376,55.24770187531376,55.24770187531376,54.98672586860196,54.98672586860196,55.508677882025545,55.24770187531376,55.24770187531376,54.98672586860196,55.24770187531376,55.24770187531376,55.508677882025545,55.24770187531376,55.508677882025545,55.508677882025545,55.24770187531376,55.508677882025545,55.24770187531376,54.98672586860196,54.98672586860196,55.24770187531376,55.76965388873734,55.508677882025545,54.98672586860196,55.508677882025545,55.24770187531376,55.76965388873734,55.24770187531376,54.98672586860196,55.76965388873734,54.98672586860196,55.508677882025545,55.508677882025545,54.98672586860196,55.508677882025545,55.508677882025545
55.18959259318689,55.719109128544154,55.18959259318689,55.719109128544154,55.18959259318689,54.92483432550826,55.719109128544154,55.18959259318689,55.719109128544154,55.45435086086551,55.719109128544154,55.719109128544154,55.45435086086551,55.18959259318689,55.719109128544154,55.18959259318689,55.18959259318689,55.719109128544154,55.18959259318689,55.45435086086551,55.719109128544154,54.92483432550826,55.719109128544154,54.92483432550826,55.719109128544154,55.719109128544154,55.45435086086551,54.92483432550826,55.45435086086551,54.92483432550826,55.719109128544154,55.719109128544154,55.18959259318689,55.18959259318689,55.719109128544154,55.18959259318689,54.92483432550826,55.18959259318689,55.18959259318689,55.719109128544154,55.45435086086551,55.719109128544154,55.18959259318689,55.18959259318689,55.18959259318689,55.45435086086551,54.92483432550826,55.45435086086551,55.45435086086551,55.719109128544154,54.92483432550826,54.92483432550826,55.18959259318689,55.45435086086551,54.92483432550826,55.719109128544154,54.92483432550826,55.45435086086551,54.92483432550826,55.18959259318689,55.45435086086551,55.719109128544154,54.92483432550826,55.719109128544154,54.92483432550826,55.45435086086551,55.719109128544154,54.92483432550826,55.18959259318689,55.719109128544154,54.92483432550826,55.18959259318689,55.719109128544154,55.18959259318689,55.719109128544154,55.45435086086551,55.719109128544154,54.92483432550826,55.18959259318689,55.719109128544154,55.719109128544154,55.719109128544154,55.18959259318689,55.719109128544154,55.18959259318689,54.92483432550826,55.45435086086551,55.18959259318689,55.45435086086551,55.719109128544154,54.92483432550826,55.18959259318689,54.92483432550826,55.18959259318689,55.719109128544154,54.92483432550826,54.92483432550826,55.719109128544154,54.92483432550826,55.45435086086551,54.92483432550826,55.45435086086551,55.45435086086551,55.45435086086551,54.92483432550826,55.45435086086551,55.45435086086551,55.719109128544154,54.92483432550826,55.719109128544154,54.92483432550826,55.45435086086551,55.18959259318689,55.45435086086551,54.92483432550826,54.92483432550826,54.92483432550826,55.719109128544154,54.92483432550826,55.45435086086551,55.45435086086551,55.18959259318689,55.719109128544154,54.92483432550826,55.18959259318689,55.719109128544154,54.92483432550826,55.45435086086551,55.18959259318689,54.92483432550826,54.92483432550826,55.45435086086551,55.45435086086551,54.92483432550826,55.18959259318689,55.719109128544154,55.45435086086551,55.45435086086551,55.45435086086551,54.92483432550826,54.92483432550826,55.45435086086551,55.45435086086551,55.18959259318689,55.18959259318689,55.45435086086551,55.18959259318689,55.45435086086551,54.92483432550826,55.18959259318689,55.18959259318689,55.45435086086551,55.719109128544154,55.719109128544154,55.45435086086551,55.45435086086551,54.92483432550826,54.92483432550826,54.92483432550826,55.45435086086551,55.18959259318689,55.45435086086551,55.45435086086551,54.92483432550826,55.18959259318689,54.92483432550826,55.719109128544154,54.92483432550826,55.719109128544154,54.92483432550826,55.18959259318689,54.92483432550826,55.45435086086551,55.18959259318689,55.719109128544154,55.45435086086551,55.719109128544154,55.18959259318689,55.719109128544154,54.92483432550826,55.45435086086551,55.719109128544154,54.92483432550826,54.92483432550826,55.18959259318689,55.45435086086551,55.45435086086551,55.45435086086551,55.18959259318689,55.45435086086551,55.18959259318689,55.45435086086551,54.92483432550826,55.18959259318689,55.45435086086551,55.719109128544154,55.18959259318689,55.18959259318689,55.18959259318689,55.45435086086551
55.40002383970548,55.40002383970548,55.131483311060016,55.40002383970548,55.66856436835095,55.66856436835095,54.86294278241455,54.86294278241455,55.131483311060016,54.86294278241455,55.66856436835095,55.66856436835095,55.131483311060016,54.86294278241455,55.66856436835095,54.86294278241455,54.86294278241455,55.131483311060016,55.66856436835095,55.66856436835095,54.86294278241455,54.86294278241455,55.40002383970548,54.86294278241455,55.131483311060016,54.86294278241455,55.40002383970548,55.131483311060016,55.40002383970548,55.40002383970548,55.40002383970548,55.131483311060016,55.131483311060016,54.86294278241455,55.40002383970548,54.86294278241455,54.86294278241455,54.86294278241455,55.40002383970548,54.86294278241455,55.131483311060016,54.86294278241455,55.131483311060016,55.131483311060016,55.40002383970548,55.40002383970548,55.66856436835095,55.131483311060016,54.86294278241455,54.86294278241455,54.86294278241455,55.131483311060016,54.86294278241455,55.66856436835095,55.66856436835095,55.131483311060016,54.86294278241455,55.66856436835095,54.86294278241455,54.86294278241455,55.131483311060016,55.66856436835095,55.40002383970548,55.40002383970548,54.86294278241455,55.66856436835095,55.40002383970548,54.86294278241455,54.86294278241455,54.86294278241455,55.66856436835095,55.66856436835095,54.86294278241455,55.40002383970548,55.131483311060016,55.66856436835095,55.66856436835095,54.86294278241455,54.86294278241455,55.66856436835095,54.86294278241455,55.66856436835095,54.86294278241455,55.66856436835095,55.40002383970548,55.131483311060016,55.66856436835095,55.66856436835095,54.86294278241455,55.40002383970548,55.131483311060016,55.40002383970548,55.131483311060016,55.40002383970548,55.131483311060016,54.86294278241455,55.131483311060016,55.40002383970548,55.131483311060016,54.86294278241455,55.40002383970548,55.131483311060016,55.66856436835095,55.131483311060016,55.66856436835095,55.131483311060016,55.40002383970548,55.131483311060016,55.131483311060016,54.86294278241455,55.66856436835095,55.66856436835095,54.86294278241455,55.40002383970548,55.66856436835095,54.86294278241455,55.40002383970548,54.86294278241455,54.86294278241455,54.86294278241455,54.86294278241455,54.86294278241455,55.40002383970548,55.40002383970548,55.131483311060016,55.66856436835095,55.131483311060016,54.86294278241455,55.131483311060016,54.86294278241455,55.66856436835095,55.66856436835095,55.66856436835095,55.66856436835095,55.131483311060016,54.86294278241455,55.40002383970548,55.66856436835095,54.86294278241455,55.131483311060016,54.86294278241455,55.131483311060016,55.40002383970548,54.86294278241455,55.131483311060016,55.40002383970548,55.131483311060016,55.40002383970548,55.131483311060016,55.66856436835095,55.40002383970548,55.66856436835095,55.66856436835095,55.66856436835095,54.86294278241455,55.66856436835095,55.40002383970548,55.131483311060016,55.131483311060016,55.40002383970548,55.131483311060016,55.131483311060016,55.40002383970548,55.66856436835095,55.40002383970548,55.131483311060016,55.66856436835095,55.40002383970548,55.131483311060016,55.40002383970548,54.86294278241455,55.66856436835095,55.66856436835095,55.131483311060016,54.86294278241455,55.40002383970548,54.86294278241455,55.131483311060016,55.131483311060016,54.86294278241455,55.40002383970548,55.131483311060016,54.86294278241455,55.66856436835095,54.86294278241455,55.40002383970548,55.131483311060016,55.66856436835095,54.86294278241455,54.86294278241455,55.40002383970548,55.40002383970548,55.66856436835095,55.40002383970548,55.40002383970548,55.131483311060016,55.66856436835095,55.66856436835095,55.131483311060016,54.86294278241455
55.07337402893315,55.61801960815775,55.345696818545456,55.345696818545456,54.80105123932084,55.345696818545456,55.345696818545456,55.345696818545456,54.80105123932084,55.07337402893315,55.345696818545456,55.345696818545456,54.80105123932084,55.61801960815775,55.61801960815775,55.07337402893315,54.80105123932084,55.07337402893315,55.345696818545456,55.345696818545456,54.80105123932084,55.61801960815775,55.07337402893315,54.80105123932084,54.80105123932084,55.61801960815775,55.07337402893315,54.80105123932084,54.80105123932084,55.345696818545456,55.345696818545456,55.345696818545456,55.61801960815775,55.61801960815775,55.61801960815775,55.07337402893315,55.345696818545456,55.345696818545456,55.345696818545456,55.61801960815775,55.61801960815775,55.61801960815775,54.80105123932084,55.345696818545456,55.61801960815775,55.07337402893315,55.61801960815775,55.07337402893315,55.61801960815775,55.61801960815775,54.80105123932084,54.80105123932084,55.61801960815775,55.61801960815775,55.61801960815775,55.07337402893315,55.61801960815775,54.80105123932084,55.345696818545456,55.07337402893315,55.07337402893315,54.80105123932084,54.80105123932084,55.61801960815775,55.07337402893315,55.07337402893315,55.345696818545456,55.07337402893315,55.61801960815775,55.345696818545456,55.345696818545456,54.80105123932084,54.80105123932084,55.07337402893315,54.80105123932084,55.07337402893315,55.61801960815775,55.345696818545456,55.07337402893315,55.345696818545456,55.07337402893315,54.80105123932084,54.80105123932084,55.61801960815775,54.80105123932084,55.07337402893315,54.80105123932084,55.345696818545456,55.07337402893315,54.80105123932084,54.80105123932084,54.80105123932084,55.345696818545456,55.61801960815775,55.61801960815775,55.07337402893315,55.61801960815775,55.345696818545456,55.345696818545456,55.345696818545456,55.61801960815775,55.07337402893315,55.61801960815775,55.345696818545456,54.80105123932084,54.80105123932084,54.80105123932084,55.07337402893315,55.345696818545456,55.345696818545456,55.345696818545456,54.80105123932084,55.61801960815775,54.80105123932084,55.07337402893315,55.345696818545456,55.345696818545456,55.345696818545456,55.07337402893315,54.80105123932084,55.07337402893315,55.345696818545456,55.61801960815775,54.80105123932084,54.80105123932084,55.61801960815775,54.80105123932084,55.07337402893315,55.345696818545456,55.345696818545456,55.61801960815775,55.61801960815775,55.07337402893315,55.07337402893315,55.61801960815775,55.61801960815775,55.61801960815775,55.345696818545456,54.80105123932084,54.80105123932084,55.61801960815775,55.07337402893315,55.345696818545456,55.345696818545456,55.61801960815775,55.345696818545456,54.80105123932084,55.345696818545456,55.07337402893315,54.80105123932084,55.345696818545456,54.80105123932084,55.07337402893315,55.07337402893315,55.07337402893315,55.345696818545456,55.61801960815775,54.80105123932084,55.07337402893315,55.61801960815775,55.61801960815775,55.07337402893315,55.07337402893315,55.07337402893315,55.07337402893315,55.345696818545456,55.345696818545456,55.07337402893315,55.07337402893315,55.345696818545456,54.80105123932084,55.345696818545456,55.61801960815775,54.80105123932084,55.07337402893315,54.80105123932084,55.07337402893315,55.345696818545456,55.345696818545456,55.61801960815775,55.345696818545456,55.61801960815775,55.345696818545456,55.07337402893315,54.80105123932084,54.80105123932084,55.07337402893315,55.07337402893315,55.345696818545456,55.345696818545456,54.80105123932084,54.80105123932084,54.80105123932084,54.80105123932084,54.80105123932084,55.345696818545456,55.07337402893315,54.80105123932084,54.80105123932084,55.345696818545456
